-8 -3.898e-017
-7.92 -0.01004
-7.839 -0.01965
-7.759  -0.0282
-7.678 -0.03511
-7.598 -0.03992
-7.518 -0.04228
-7.437 -0.04197
-7.357 -0.03896
-7.276 -0.03339
-7.196 -0.02555
-7.116 -0.01589
-7.035 -0.00499
-6.955 0.006481
-6.874  0.0178
-6.794 0.02825
-6.714 0.03714
-6.633 0.04385
-6.553 0.04791
-6.472 0.04899
-6.392 0.04696
-6.312 0.04185
-6.231 0.03392
-6.151  0.0236
-6.07  0.0115
-5.99 -0.001678
-5.91  -0.0151
-5.829 -0.02792
-5.749 -0.03931
-5.668 -0.04848
-5.588  -0.0548
-5.508 -0.05778
-5.427 -0.05712
-5.347 -0.05276
-5.266 -0.04487
-5.186 -0.03385
-5.106 -0.02029
-5.025 -0.004995
-4.945 0.01112
-4.864 0.02706
-4.784 0.04178
-4.704 0.05431
-4.623 0.06377
-4.543 0.06944
-4.462 0.07083
-4.382  0.0677
-4.302 0.06007
-4.221 0.04827
-4.141 0.03288
-4.06 0.01476
-3.98 -0.005047
-3.899 -0.02535
-3.819 -0.04486
-3.739  -0.0623
-3.658 -0.07647
-3.578 -0.08632
-3.497 -0.09101
-3.417 -0.09001
-3.337 -0.08311
-3.256 -0.07047
-3.176  -0.0526
-3.095 -0.03038
-3.015 -0.004998
-2.935  0.0221
-2.854 0.04929
-2.774 0.07484
-2.693 0.09701
-2.613  0.1142
-2.533   0.125
-2.452  0.1283
-2.372  0.1235
-2.291  0.1102
-2.211 0.08861
-2.131 0.05961
-2.05 0.02441
-1.97 -0.01528
-1.889 -0.05734
-1.809 -0.09934
-1.729  -0.1386
-1.648  -0.1726
-1.568  -0.1984
-1.487  -0.2138
-1.407  -0.2166
-1.327  -0.2052
-1.246  -0.1785
-1.166  -0.1359
-1.085 -0.07776
-1.005   -0.005
-0.9246 0.08076
-0.8442  0.1772
-0.7638  0.2816
-0.6834  0.3906
-0.603  0.5005
-0.5226  0.6075
-0.4422   0.708
-0.3618  0.7982
-0.2814  0.8747
-0.201  0.9349
-0.1206  0.9762
-0.0402  0.9973
0.0402  0.9973
0.1206  0.9762
0.201  0.9349
0.2814  0.8747
0.3618  0.7982
0.4422   0.708
0.5226  0.6075
0.603  0.5005
0.6834  0.3906
0.7638  0.2816
0.8442  0.1772
0.9246 0.08076
1.005   -0.005
1.085 -0.07776
1.166  -0.1359
1.246  -0.1785
1.327  -0.2052
1.407  -0.2166
1.487  -0.2138
1.568  -0.1984
1.648  -0.1726
1.729  -0.1386
1.809 -0.09934
1.889 -0.05734
1.97 -0.01528
2.05 0.02441
2.131 0.05961
2.211 0.08861
2.291  0.1102
2.372  0.1235
2.452  0.1283
2.533   0.125
2.613  0.1142
2.693 0.09701
2.774 0.07484
2.854 0.04929
2.935  0.0221
3.015 -0.004998
3.095 -0.03038
3.176  -0.0526
3.256 -0.07047
3.337 -0.08311
3.417 -0.09001
3.497 -0.09101
3.578 -0.08632
3.658 -0.07647
3.739  -0.0623
3.819 -0.04486
3.899 -0.02535
3.98 -0.005047
4.06 0.01476
4.141 0.03288
4.221 0.04827
4.302 0.06007
4.382  0.0677
4.462 0.07083
4.543 0.06944
4.623 0.06377
4.704 0.05431
4.784 0.04178
4.864 0.02706
4.945 0.01112
5.025 -0.004995
5.106 -0.02029
5.186 -0.03385
5.266 -0.04487
5.347 -0.05276
5.427 -0.05712
5.508 -0.05778
5.588  -0.0548
5.668 -0.04848
5.749 -0.03931
5.829 -0.02792
5.91  -0.0151
5.99 -0.001678
6.07  0.0115
6.151  0.0236
6.231 0.03392
6.312 0.04185
6.392 0.04696
6.472 0.04899
6.553 0.04791
6.633 0.04385
6.714 0.03714
6.794 0.02825
6.874  0.0178
6.955 0.006481
7.035 -0.00499
7.116 -0.01589
7.196 -0.02555
7.276 -0.03339
7.357 -0.03896
7.437 -0.04197
7.518 -0.04228
7.598 -0.03992
7.678 -0.03511
7.759  -0.0282
7.839 -0.01965
7.92 -0.01004
8 -3.898e-017