X,Y,Z
2.9992,538.353,0.00029
2.5877,538.348,1.5168
1.4672,538.336,2.6166
-0.0567,538.34,2.9998
-1.5653,538.341,2.56
-2.6439,538.348,1.4193
-2.9987,538.357,-0.11152
-2.531,538.373,-1.6115
-1.3706,538.379,-2.6687
0.16663,538.381,-2.995
1.6576,538.372,-2.4996
2.6931,538.37,-1.32
115,542.925,0.00049
114.56,542.907,-10.026
113.25,542.881,-19.975
111.08,542.846,-29.773
108.06,542.806,-39.344
104.22,542.763,-48.615
99.583,542.709,-57.516
94.189,542.654,-65.979
88.078,542.604,-73.939
81.297,542.54,-81.337
73.896,542.479,-88.115
65.932,542.422,-94.222
57.467,542.37,-99.611
48.563,542.327,-104.24
39.29,542.289,-108.08
29.718,542.257,-111.09
19.919,542.233,-113.26
9.9689,542.219,-114.57
-0.0574,542.21,-115
-10.083,542.22,-114.56
-20.032,542.232,-113.24
-29.829,542.255,-111.06
-39.398,542.285,-108.04
-48.667,542.33,-104.19
-57.566,542.379,-99.555
-66.027,542.431,-94.157
-73.984,542.484,-88.042
-81.378,542.54,-81.257
-88.153,542.604,-73.853
-94.256,542.66,-65.886
-99.641,542.718,-57.418
-104.27,542.769,-48.512
-108.1,542.812,-39.237
-111.11,542.847,-29.663
-113.27,542.883,-19.864
-114.57,542.905,-9.9128
-115,542.927,0.1137
-114.55,542.927,10.139
-113.23,542.931,20.088
-111.05,542.921,29.883
-108.02,542.904,39.451
-104.17,542.879,48.718
-99.527,542.844,57.615
-94.125,542.805,66.073
-88.007,542.764,74.027
-81.218,542.722,81.418
-73.81,542.685,88.189
-65.841,542.635,94.288
-57.37,542.599,99.669
-48.462,542.56,104.29
-39.185,542.534,108.12
-29.61,542.502,111.12
-19.809,542.483,113.28
-9.8573,542.481,114.58
0.16943,542.471,115
10.195,542.475,114.55
20.143,542.489,113.22
29.937,542.51,111.04
39.503,542.537,108
48.769,542.567,104.15
57.663,542.601,99.499
66.118,542.638,94.092
74.069,542.685,87.97
81.457,542.725,81.177
88.224,542.767,73.766
94.319,542.812,65.794
99.696,542.846,57.32
104.31,542.871,48.41
108.14,542.901,39.131
111.14,542.917,29.554
113.29,542.93,19.752
114.58,542.931,9.8002
4.3376,538.369,-1.0057
3.5217,538.379,-2.8038
-2.9605,538.38,-3.2484
-3.1944,538.337,3.0202
3.0783,538.338,3.1373
0.93317,538.392,-4.2441
-4.2504,538.37,-1.3247
-1.2467,538.335,4.2746
4.0241,538.355,1.131
1.0851,538.329,4.3191
-4.3393,538.351,1.00569
-0.87019,538.39,-4.0921
5.4601,538.385,-2.7514
4.6118,538.394,-4.5404
2.6591,538.396,-4.4951
3.6033,538.414,-6.3837
1.4454,538.404,-6.0567
-0.11922,538.405,-5.4215
-1.8869,538.402,-5.8874
-0.31244,538.423,-7.2757
6.4199,538.404,-4.2884
6.3665,538.373,-1.0404
7.6994,538.394,-2.8838
5.3808,538.355,0.65349
5.5717,538.354,2.4592
7.3997,538.365,1.3529
5.8924,538.415,-6.2407
-2.8684,538.438,-8.4494
7.5607,538.354,3.6826
1.786,538.434,-8.4248
8.7633,538.419,-5.3271
8.8305,538.382,-0.92087
4.893,538.445,-8.6359
-4.9215,538.387,-3.169
-6.3994,538.375,-1.4346
-4.2162,538.401,-4.9012
-6.2881,538.413,-5.2302
-5.71,538.363,0.18277
-5.9347,538.351,2.0118
-7.6262,538.369,0.65557
-7.5505,538.401,-3.3769
-5.0239,538.426,-6.9707
-8.7759,538.426,-5.4694
-7.9375,538.356,2.8694
-8.9285,538.384,-1.1809
-3.1783,538.328,5.2283
-1.4202,538.325,6.471
-4.798,538.333,4.0979
-5.1453,538.33,6.228
-3.4898,538.323,7.4525
0.33497,538.323,5.6818
2.4544,538.322,5.7298
0.80228,538.322,7.6144
-5.4477,538.329,8.3599
-6.7303,538.342,4.7885
3.1844,538.318,8.0742
-1.6863,538.315,8.7473
9.8725,538.369,2.3524
5.1987,538.34,4.5858
7.1596,538.336,6.1299
-7.6637,538.438,-7.4264
-7.3463,538.333,7.2154
-0.51536,538.454,-9.9031
1.531,538.311,10.239
4.7742,538.33,6.638
5.8737,538.326,8.6705
-10.106,538.372,1.7668
-10.102,538.458,-7.7746
-10.168,538.417,-3.4937
10.276,538.412,-3.3287
-11.721,538.406,-1.2028
-9.2904,538.357,5.1243
-4.251,538.313,9.8655
-7.364,538.333,10.506
9.9139,538.357,5.2249
11.936,538.446,-6.1738
-6.2269,538.457,-9.5751
7.358,538.442,-8.1221
4.1917,538.32,10.877
-3.6369,538.472,-11.375
12.968,538.388,3.3
2.0614,538.465,-11.384
2.1599,538.315,13.483
-11.741,538.447,-6.2701
-13.771,538.399,1.6057
-12.755,538.438,-3.9137
-1.8741,538.31,11.817
6.5353,538.484,-11.365
11.872,538.401,-0.73245
9.0129,538.339,8.5187
-9.3971,538.475,-10.162
-13.165,538.502,-9.8208
-10.1,538.351,8.2858
-0.74616,538.493,-13.151
7.312,538.328,11.568
11.518,538.355,11.319
13.714,538.438,-3.6532
-5.0295,538.315,13.237
15.942,538.489,-7.0698
9.6866,538.459,-8.7068
-12.244,538.376,5.1319
-15.045,538.443,-2.0533
-15.712,538.48,-6.2064
-7.3854,538.497,-12.754
-11.257,538.351,11.847
12.856,538.365,7.2201
-4.5824,538.519,-15.049
13.281,538.501,-9.8756
5.2057,538.322,14.596
2.845,538.518,-14.803
-16.134,538.408,5.0402
2.2047,538.315,17.691
15.762,538.433,-0.32061
-1.9814,538.311,15.793
-11.575,538.537,-13.531
-16.118,538.581,-14.232
-17.995,538.446,1.1197
9.0262,538.335,15.397
16.94,538.417,4.885
-1.0955,538.551,-17.303
6.5313,538.337,19.083
-8.6584,538.332,14.805
-14.06,538.376,8.9685
17.471,538.565,-11.531
10.579,538.518,-12.608
-5.1429,538.33,17.64
18.165,538.485,-4.0933
7.3012,538.543,-15.855
14.358,538.556,-13.707
-1.322,538.334,20.55
-8.8939,538.566,-16.833
-16.119,538.397,13.107
-13.152,538.365,16.261
-5.586,538.603,-19.903
-21.183,538.461,5.0775
13.873,538.372,15.384
11.945,538.591,-16.909
20.905,538.559,-8.4589
3.0137,538.597,-19.763
-18.802,538.482,-2.8027
16.958,538.399,10.462
2.8012,538.346,22.857
-18.436,538.558,-10.592
17.596,538.642,-17.432
-10.006,538.356,19.341
20.661,538.486,0.14834
-18.882,538.424,9.2839
-21.107,538.641,-14.413
-13.887,538.622,-18.148
11.33,538.367,19.683
-10.766,538.667,-22.031
-18.386,538.43,18.192
-14.908,538.401,20.579
8.2611,538.632,-20.904
17.433,538.423,19.828
22.833,538.658,-14.069
22.016,538.469,6.3399
-23.295,538.528,-0.65424
-1.4645,538.64,-22.582
-6.2919,538.359,23.111
-21.166,538.542,-6.2463
23.761,538.56,-4.5314
-24.742,538.505,9.952
-27.337,538.561,4.9683
-1.8715,538.368,26.372
-19.998,538.686,-18.475
13.562,538.693,-22.553
27.108,538.667,-9.9672
8.6202,538.376,24.276
-6.7867,538.713,-25.775
3.6012,538.701,-25.662
-12.249,538.408,25.264
15.076,538.432,24.988
-24.507,538.641,-11.113
9.5002,538.754,-27.189
-21.588,538.462,13.995
-20.396,538.49,24.389
23.118,538.48,12.391
-27.005,538.775,-17.615
-7.7695,538.413,29.74
-16.931,538.736,-23.181
26.718,538.574,0.79433
22.088,538.512,25.062
18.862,538.426,15.342
-28.453,538.568,15.272
-31.531,538.621,10.61
23.281,538.489,18.524
4.0376,538.403,29.363
-24.029,538.836,-23.839
20.43,538.792,-24.093
-1.9513,538.763,-29.087
29.286,538.791,-16.345
28.374,538.564,8.0181
-24.726,538.52,20.332
-13.05,538.8,-28.267
-27.213,538.635,-6.0581
30.646,538.682,-4.8704
-29.371,538.624,-0.63814
29.219,538.584,15.662
4.853,538.844,-32.512
16.531,538.843,-28.975
29.675,538.631,23.51
-14.709,538.488,31.772
34.7,538.83,-11.462
-7.9032,538.866,-32.782
11.12,538.453,31.234
-27.539,538.629,27.568
-31.549,538.775,-11.649
-1.839,538.448,33.638
-34.087,538.696,3.8247
-35.009,538.766,-4.6401
-15.31,539.001,-36.336
35.484,538.705,10.854
-36.13,538.953,-18.298
24.224,538.758,-19.198
23.826,538.965,-30.607
29.212,538.912,-23.609
34.123,538.709,1.7357
-31.996,538.667,22.577
12.247,538.928,-34.297
-39.399,538.805,10.036
-36.138,538.733,17
18.507,538.534,32.106
-8.8225,538.531,37.801
-19.815,538.911,-30.674
19.415,539.032,-36.151
5.2083,538.507,37.148
-39.9,538.953,-11.527
-1.0284,538.943,-36.874
37.059,538.98,-18.68
13.951,538.59,38.975
38.902,538.859,-4.9984
36.056,538.743,19.335
-23.857,539.151,-38.513
-35.819,538.831,30.309
-22.113,538.604,33.505
43.661,539.065,-12.691
27.38,538.668,31.615
6.6797,539.031,-39.913
27.715,539.187,-37.774
14.565,539.118,-41.589
-32.357,538.994,-24.871
-7.9044,539.058,-40.918
-1.6975,538.584,42.183
-44.729,538.969,17.702
-40.481,538.89,24.553
-0.47511,539.173,-45.614
-41.67,538.881,2.4725
-41.035,539.198,-25.696
-44.935,539.181,-18.429
31.103,539.093,-31.075
21.524,539.253,-43.76
-28.594,539.059,-31.369
-16.216,538.638,40.31
-42.936,538.957,-4.5732
22.497,538.707,39.697
43.718,538.925,4.3076
8.4674,539.267,-48.175
-9.618,538.722,47.076
-48.237,539.055,8.6075
36.084,538.825,29.701
16.615,539.383,-50.225
44.012,538.928,14.538
-37.273,539.251,-32.495
-30.34,538.782,35.866
7.654,538.668,45.247
-50.268,539.15,-0.20023
-49.658,539.211,-10.247
17.576,538.793,46.991
10.327,539.524,-56.1
24.422,539.535,-52.229
30.404,539.437,-45.598
-45.255,539.119,32.291
-39.304,539.055,38.996
-49.668,539.175,25.508
-46.096,539.491,-33.517
-50.155,539.454,-25.849
36.726,539.352,-37.367
37.469,539.142,-27.198
45.321,539.236,-21.492
-17.335,539.288,-46.731
1.0197,539.402,-53.321
18.63,539.666,-58.302
-8.6936,539.335,-50.389
26.439,538.943,47.662
-33.227,539.334,-39.582
33.015,539.766,-54.697
45.391,539.424,-30.966
-55.407,539.31,16.144
21.407,539.065,55.236
31.393,538.882,40.252
35.466,539.155,48.335
39.023,539.677,-47.759
26.486,539.871,-61.227
19.8,539.994,-67.353
48.463,539.121,-4.8742
-58.27,539.453,-4.3555
0.16561,538.819,52.498
-57.869,539.394,4.6582
-58.757,539.558,-13.597
-65.884,539.732,0.49857
-65.6,539.706,9.7567
-66.415,539.821,-8.738
30.363,539.248,55.891
40.595,539.12,40.682
-52.701,539.418,-18.553
-55.328,539.771,-32.819
28.829,540.252,-70.492
11.444,539.802,-64.027
12.196,538.932,54.503
25.286,539.416,63.711
-54.657,539.467,33.581
-48.713,539.389,41.354
39.738,539.522,56.719
-41.494,539.545,-40.749
53.76,539.397,-14.951
42.315,540.038,-56.679
2.7095,539.667,-61.153
4.3101,539.99,-70.108
-6.2084,539.605,-59.369
44.863,539.449,49.086
-23.859,538.753,40.972
35.6,540.123,-63.807
-36.151,539.641,-48.712
16.148,539.256,63.061
-50.617,539.826,-41.768
-58.455,539.695,-23.677
-74.343,540.147,-3.648
-66.681,539.958,-19.102
-73.979,540.1,5.3803
44.276,538.982,23.219
-14.405,539.601,-57.797
-4.228,539.916,-68.115
34.771,539.658,64.307
20.115,539.664,71.828
44.416,539.979,65.198
49.382,539.875,57.656
-74.963,540.267,-13.34
-82.523,540.571,1.2032
50.159,539.441,41.108
6.5302,539.147,62.31
-27.567,539.448,-47.587
-73.726,540.115,15.113
53.983,539.584,-26.3
-59.604,539.557,26.1
-31.019,538.995,45.758
12.713,540.154,-73.12
29.495,539.869,72.441
48.52,539.978,-49.319
-81.995,540.547,10.958
-82.764,540.634,-8.5322
-19.8,538.835,47.451
38.224,540.546,-73.233
-75.573,540.432,-23.121
-12.203,538.979,56.297
21.487,540.41,-77.044
52.813,539.218,2.6795
52.201,539.212,18.369
54.572,539.822,49.783
45.752,539.133,32.536
-31.662,539.809,-56.984
-46.01,539.91,-49.552
-11.83,539.861,-65.78
24.24,540.179,80.742
10.362,539.509,70.959
46.35,539.672,-40.527
55.668,540.005,-42.06
53.036,539.73,-34.78
51.978,540.379,-58.529
55.534,539.488,32.923
0.56588,539.438,70.124
5.6397,540.388,-79.55
14.509,540.575,-82.69
-3.0924,540.244,-76.338
-22.928,539.649,-56.422
-40.617,540.026,-57.567
54.13,540.393,66.185
38.799,540.163,73.304
59.18,540.298,58.466
62.147,540.033,-33.363
63.033,539.853,-22.285
33.346,540.432,81.472
-41.905,539.338,48.56
-55.764,540.231,-50.068
-83.39,540.775,-18.288
58.214,540.342,-51.04
-66.091,540.132,-30.746
60.024,539.834,41.548
-81.739,540.61,20.763
-65.976,539.777,20.076
-91.25,541.114,-3.4506
-74.446,540.246,24.793
48.393,540.539,74.304
63.899,540.887,67.061
-90.864,541.079,6.5456
-60.549,540.156,-41.353
-50.426,540.322,-58.456
-64.776,539.919,35.114
-84.03,540.967,-28.071
-91.708,541.206,-12.854
-57.349,539.737,41.949
45.213,540.449,-66.207
31.106,540.685,-80.145
58.037,539.442,-3.7145
51.313,539.23,25.392
65.445,539.921,33.241
14.471,539.992,79.986
-11.485,540.174,-73.7
-19.742,540.023,-68.079
-19.465,540.489,-79.605
-10.618,540.524,-82.306
-1.407,540.643,-85.5
23.405,540.837,-86.315
16.098,541.029,-92.074
7.4288,540.809,-88.823
-75.831,540.654,-34.021
-92.346,541.367,-22.611
-82.244,540.755,29.623
-90.519,541.108,16.085
106.25,542.191,4.5358
69.128,540.798,58.593
58.236,541.012,75.245
-2.1055,539.116,61.774
28.098,540.802,89.735
18.21,540.537,88.651
38.032,541.108,90.24
43.275,540.781,82.19
8.3882,540.379,87.747
-28.751,540.475,-76.012
-8.6491,539.339,67.138
-6.7114,539.769,76.866
4.729,539.874,79.154
64.514,540.267,50.068
52.582,539.199,10.335
60.043,539.558,24.419
60.896,539.524,15.336
70.315,540.008,22.428
-9.05,540.964,-91.817
0.0968,541.103,-95.107
-18.018,540.878,-88.524
63,540.856,-61.094
9.2346,541.324,-98.919
-6.8792,541.58,-103.9
-16.21,541.331,-98.1
-27.156,540.852,-85.248
-25.445,541.274,-94.675
-36.487,540.882,-82.099
-36.639,540.483,-72.555
-34.588,541.306,-91.873
65.641,540.417,-43.606
105.8,542.218,14.491
105.77,542.154,-4.9014
53.096,541.216,82.956
48.346,541.642,92.575
62.87,541.749,83.897
68.185,541.542,75.48
57.572,541.933,90.748
12.503,541.02,96.817
-1.4098,540.294,86.84
2.69,540.894,95.911
60.517,539.496,6.0675
70.017,539.912,10.604
67.707,539.823,-0.21758
77.871,540.312,4.4749
32.147,541.13,-89.335
24.677,541.309,-95.423
18.462,541.549,-101.71
12.037,541.792,-107.05
27.042,541.844,-104.79
32.958,541.589,-98.092
41.801,541.61,-94.507
39.776,541.012,-83.155
48.831,541.449,-87.349
-68.285,539.973,28.35
-74.337,540.369,33.516
-82.692,540.997,39.787
-73.575,540.557,43.426
-90.551,541.406,34.94
-89.459,541.152,25.361
-81.338,541.202,49.648
-92.207,541.843,46.637
69.928,540.314,41.768
-98.057,541.697,20.891
-97.588,541.8,29.643
-98.732,541.648,11.38
-23.865,541.762,-104.22
-15.532,541.787,-106.52
-32.551,541.754,-101.28
-42.177,541.792,-97.785
-43.708,541.34,-88.002
-100.12,541.747,-7.7303
-100.41,541.849,-17.69
-99.444,541.666,2.2106
-45.044,540.497,-67.648
-106.31,542.282,16.134
-105.06,542.313,25.229
-99.111,542.128,38.588
-104.15,542.393,32.933
-44.744,540.936,-78.669
-53.145,541.476,-84.819
-36.08,540.145,-64.095
-29.302,540.078,-65.785
-51.497,541.881,-94.226
75.349,540.426,33.472
74.471,540.818,50.646
79.883,540.887,42.355
47.188,540.92,-76.7
-53.223,539.789,50.667
70.278,540.259,-28.063
-16.173,539.694,73.692
55.936,540.91,-69.562
69.218,540.877,-53.845
4.0668,541.672,-105.76
-102.39,542.15,-28.254
-92.285,541.541,-32.577
77.717,541.039,-45.797
65.561,539.804,-10.794
-67.032,540.63,-49.031
-61.426,540.756,-59.867
41.328,541.82,98.627
33.176,541.604,99.233
22.485,541.455,100.65
78.982,541.41,59.447
84.429,541.45,51.092
73.302,541.427,67.645
-84.009,541.175,-37.926
-92.841,541.812,-42.524
-76.474,540.922,-43.675
-69.289,540.485,-39.979
77.99,542.188,76.292
83.609,542.073,67.109
-72.041,540.769,53.295
-59.925,541.965,-90.021
-61.109,541.572,-80.755
-66.746,542.028,-85.647
-70.584,541.844,-77.754
-61.722,541.193,-71.364
-53.172,541.054,-75.468
-70.252,541.352,-66.227
-54.063,540.729,-66.406
-78.925,541.968,-71.168
6.7985,541.599,104.98
-7.2522,540.841,94.937
89.229,542.077,58.703
94.44,542.132,50.126
89.705,541.541,42.62
-3.1452,541.507,104.01
14.425,541.763,106.04
50.679,541.922,-95.568
-100.16,542.191,-38.051
-84.426,541.46,-47.906
-107.2,542.282,6.4145
-107.48,542.291,-3.6082
-107.48,542.336,-11.98
78.66,540.377,15.065
76.268,540.267,-6.5185
98.628,541.632,9.0359
97.113,541.501,0.69689
103.9,542.182,23.466
96.301,541.515,16.837
101.8,542.196,32.954
98.521,542.165,41.435
92.621,541.537,34.421
94.751,541.518,25.774
84.072,540.964,34.735
80.556,540.591,25.364
87.483,541.059,27.647
87.547,540.958,19.88
88.307,540.924,9.1862
87.252,540.861,-1.8675
105.52,542.202,-14.712
104.24,542.224,-24.158
101.79,542.205,-33.147
98.581,542.178,-41.902
94.589,542.146,-50.337
88.415,541.558,-43.389
89.855,542.11,-58.388
84.427,542.064,-65.995
78.353,542.022,-73.101
80.087,541.5,-56.837
71.681,541.977,-79.652
74.209,541.454,-63.894
64.463,541.935,-85.597
67.876,541.42,-70.646
86.133,541.639,-50.95
62.751,541.476,-77.142
57.161,541.904,-90.873
56.055,541.404,-81.205
92.52,541.607,-34.644
95.786,541.652,-26.199
98.229,541.715,-18.788
96.197,541.478,-9.9035
83.131,541.081,-36.087
87.408,541.143,-27.137
90.944,541.234,-18.938
83.368,540.801,-20.768
78.705,540.672,-27.955
84.765,540.787,-12.513
72.538,540.534,-35.836
74.445,540.303,-18.193
-44.717,539.72,58.147
-19.834,539.332,63.766
-14.618,540.266,84.858
-64.254,540.174,47.035
-79.845,541.476,59.532
-78.253,541.573,-61.597
-13.333,541.578,103.98
-92.776,542.074,-51.935
-16.896,540.947,95.033
-35.089,539.33,54.878
-53.826,540.192,61.733
-28.056,539.776,70.981
-23.674,540.148,80.298
-70.537,541.064,63.179
-62.722,540.414,56.915
-88.911,541.997,57.245
-70.722,541.059,-57.517
-85.952,542.102,-64.59
-84.993,541.765,-56.646
-23.039,541.571,102.04
-36.823,539.704,64.225
-46.248,540.133,67.304
-62.001,540.771,66.651
-70.084,541.602,74.572
-53.77,540.601,71.172
-79.494,541.911,69.404
-60.669,541.133,75.227
-46.333,540.585,76.781
-38.736,540.101,72.082
-54.724,541.143,80.492
-47.246,541.147,85.869
-63.438,541.765,83.753
-55.5,541.761,89.748
-48.074,541.812,95.049
-38.787,541.194,91.157
-36.219,540.491,81.117
-26.484,540.796,90.286
-41.076,541.885,99.558
-32.724,541.64,99.918
-86.544,542.18,65.068
-28.798,539.393,61.211
-91.524,542.238,-59.295
-77.719,541.223,-51.94
-25.595,539.102,54.23
2.8945,538.347,0.78596
2.9217,538.365,-0.67738
3.6684,538.359,-0.50271
3.5226,538.351,0.48581
2.1007,538.338,2.1413
2.833,538.341,2.3271
3.2764,538.351,1.3933
0.73076,538.336,2.9097
2.2728,538.338,2.877
1.2762,538.334,3.4678
-0.8403,538.333,2.8804
-0.65171,538.334,3.6372
0.5142,538.335,3.6594
-2.1805,538.342,2.0615
-2.3798,538.341,2.7901
-1.406,538.339,3.4173
-2.9233,538.353,0.67755
-2.9192,538.344,2.2198
-3.4916,538.346,1.2125
-2.8648,538.364,-0.89269
-3.6245,538.362,-0.7181
-3.669,538.355,0.44709
-2.0212,538.377,-2.2174
-2.7458,538.376,-2.43
-3.3907,538.365,-1.4681
-0.62372,538.378,-2.9343
-2.1655,538.381,-2.9586
-1.194,538.384,-3.3542
0.94515,538.381,-2.8467
0.49798,538.387,-3.6387
-0.27377,538.381,-3.5496
2.2539,538.375,-1.9787
2.5035,538.379,-2.7308
1.4091,538.384,-3.3237
2.1833,538.387,-3.4833
3.5153,538.37,-1.1629
3.1694,538.377,-2.0051
114.89,542.92,-5.0173
114.89,542.931,4.9048
110.63,542.549,2.2682
110.41,542.527,-2.5566
114.01,542.892,-15.015
110.2,542.522,-7.3719
110.07,542.547,-12.481
112.27,542.867,-24.898
109.42,542.532,-17.271
108.76,542.537,-22.179
109.67,542.833,-34.591
107.69,542.532,-26.903
106.44,542.512,-31.572
106.24,542.784,-44.021
104.96,542.499,-36.186
103.32,542.487,-40.734
102,542.742,-53.116
101.44,542.462,-45.203
99.392,542.442,-49.585
96.978,542.681,-61.806
97.134,542.422,-53.875
94.698,542.397,-58.06
91.221,542.634,-70.026
92.074,542.379,-62.136
89.278,542.348,-66.092
84.768,542.574,-77.712
86.309,542.329,-69.925
83.176,542.302,-73.623
77.67,542.507,-84.807
79.885,542.274,-77.182
76.441,542.25,-80.593
69.981,542.456,-91.255
72.851,542.228,-83.851
69.123,542.196,-86.95
61.758,542.404,-97.009
65.263,542.172,-89.883
61.487,542.161,-92.627
53.065,542.351,-102.02
54.028,542.149,-97.635
57.387,542.136,-95.222
43.969,542.305,-106.26
45.132,541.956,-99.403
49.716,542.126,-99.9
34.537,542.27,-109.69
33.166,542.052,-106.44
36.06,541.93,-103.12
40.752,541.937,-101.28
24.842,542.248,-112.28
28.38,542.049,-107.94
14.958,542.22,-114.02
19.206,541.882,-107.48
15.874,542.007,-110.22
23.481,542.034,-109.03
4.9605,542.217,-114.89
11.049,542.001,-110.81
6.9093,541.941,-110.2
-5.0751,542.219,-114.89
-3.6485,541.89,-109.5
2.0943,541.936,-110.4
-15.072,542.225,-114.01
-8.423,541.889,-109.24
-12.917,542,-110.57
-24.954,542.246,-112.26
-21.949,541.988,-108.73
-17.729,542.006,-109.9
-34.646,542.272,-109.66
-26.847,542.007,-107.64
-31.299,542.001,-106.17
-44.075,542.311,-106.22
-35.902,542.015,-104.71
-40.788,542.031,-102.91
-53.167,542.355,-101.97
-45.422,542.055,-100.99
-50.082,542.102,-99.21
-61.855,542.398,-96.948
-54.532,542.123,-96.891
-58.867,542.173,-94.778
-70.072,542.456,-91.186
-62.946,542.197,-92.12
-66.473,542.228,-89.883
-77.755,542.512,-84.73
-70.331,542.253,-86.897
-72.369,542.159,-82.851
-84.846,542.575,-77.629
-75.915,542.177,-79.614
-80.152,542.246,-76.212
-91.291,542.626,-69.936
-83.539,542.278,-72.51
-87.144,542.351,-69.168
-97.041,542.688,-61.711
-90.079,542.367,-65.3
-92.933,542.449,-62.557
-102.05,542.735,-53.016
-96.224,542.389,-54.654
-95.574,542.473,-58.443
-106.28,542.788,-43.917
-98.554,542.267,-45.518
-102.34,542.481,-43.179
-98.517,542.406,-50.403
-109.71,542.833,-34.483
-105.38,542.472,-33.607
-104.12,542.491,-38.673
-112.3,542.87,-24.787
-106.75,542.49,-28.977
-114.03,542.894,-14.902
-106.84,542.349,-18.777
-107.91,542.504,-24.291
-110.44,542.603,-15.824
-114.9,542.914,-4.9042
-111.07,542.595,-6.6647
-111.03,542.609,-10.99
-114.89,542.928,5.1314
-111.14,542.594,3.3774
-111.26,542.602,-1.812
-114,542.929,15.128
-110.47,542.594,13.259
-110.89,542.593,8.2236
-112.25,542.923,25.009
-109.79,542.592,18.067
-109.17,542.616,22.771
-109.64,542.912,34.7
-108.08,542.61,27.513
-107.61,542.653,31.476
-106.2,542.889,44.127
-103.56,542.504,39.064
-106.13,542.643,36.141
-101.95,542.862,53.217
-98.162,542.344,47.765
-101.75,542.489,43.545
-96.919,542.824,61.903
-95.984,542.318,52.002
-94.189,542.411,57.54
-91.153,542.79,70.117
-91.589,542.387,61.595
-90.314,542.481,65.623
-84.693,542.749,77.796
-83.726,542.326,71.752
-87.365,542.46,69.502
-77.588,542.702,84.884
-75.592,542.14,78.07
-80.515,542.297,75.336
-69.892,542.657,91.325
-72.113,542.111,81.294
-68.55,542.205,86.072
-61.664,542.62,97.071
-64.729,542.184,88.981
-60.583,542.187,92.126
-52.966,542.582,102.08
-56.506,542.168,94.682
-52.64,542.195,97.449
-43.865,542.552,106.31
-48.338,542.177,99.653
-44.707,542.212,101.98
-34.43,542.522,109.73
-40.214,542.197,103.83
-35.886,542.076,104.06
-24.733,542.5,112.31
-26.324,542.017,106.58
-31.312,542.054,105.52
-14.847,542.481,114.04
-16.461,542.012,108.68
-21.424,542.01,107.66
-4.8485,542.471,114.9
-6.5012,541.972,109.3
-11.703,542.006,109.29
5.1871,542.472,114.88
3.484,542.013,109.99
-1.4879,541.964,109.51
15.183,542.479,113.99
8.4967,542.017,109.76
12.405,542.111,110.32
25.064,542.5,112.24
21.446,541.952,106.94
17.207,542.109,109.67
34.753,542.519,109.62
31.718,542.036,105.14
26.091,541.96,105.9
44.178,542.548,106.18
40.513,542.165,103.31
36.275,542.052,103.65
53.267,542.58,101.92
48.671,542.086,98.334
44.982,542.176,101.44
61.949,542.625,96.888
52.916,542.107,96.116
57.694,542.261,95.103
70.16,542.657,91.118
64.494,542.176,88.995
61.788,542.279,92.495
77.837,542.707,84.654
68.47,542.198,85.934
71.128,542.079,81.725
76.03,542.421,82.131
84.921,542.75,77.545
79.724,542.448,78.734
91.359,542.788,69.846
83.107,542.46,75.029
85.946,542.41,70.411
97.1,542.829,61.615
88.936,542.432,66.594
91.814,542.429,62.208
102.1,542.862,52.915
94.441,542.454,58.143
97.115,542.482,53.671
106.33,542.892,43.812
99.365,542.497,49.382
101.46,542.506,44.863
109.74,542.909,34.375
105.01,542.541,35.983
103.32,542.518,40.393
112.32,542.926,24.677
107.56,542.535,26.437
106.48,542.555,31.367
114.04,542.932,14.79
109.54,542.56,17.122
108.61,542.544,21.719
110.42,542.544,7.168
110.19,542.567,12.145
3.932,538.369,-1.8999
4.1801,538.358,0.0965
4.9325,538.378,-1.7855
5.3521,538.374,-1.0231
4.8592,538.363,-0.17611
4.4699,538.388,-2.8624
4.1068,538.39,-3.6384
3.1396,538.384,-3.6066
-3.6054,538.376,-2.2866
-1.8908,538.389,-3.6829
-2.4237,538.39,-4.5679
-3.941,538.381,-3.2087
-3.5998,538.388,-4.0654
-2.2205,538.331,3.6474
-3.7669,538.351,2.013
-4.5646,538.344,2.516
-3.2756,538.333,4.0522
-3.9962,538.342,3.5591
3.5653,538.341,2.1103
2.0817,538.337,3.7282
4.325,538.341,2.7982
2.9072,538.336,4.3391
4.1098,538.335,3.8973
0.0143,538.386,-4.1682
1.7316,538.389,-4.3951
1.1812,538.395,-5.1525
0.4741,538.398,-4.8611
-4.2948,538.365,-0.1595
-4.5859,538.382,-2.2468
-5.3182,538.377,-1.4223
-4.966,538.368,-0.67485
-0.0808,538.325,4.2968
-2.1128,538.326,4.7954
-1.3698,538.323,5.3667
-0.56082,538.326,4.9663
4.7069,538.355,0.9415
4.8329,538.348,1.7358
0.77065,538.331,5.0136
1.7083,538.329,5.0628
-5.0408,538.359,0.65836
-5.137,538.357,1.5088
-0.55477,538.394,-4.7711
-1.3316,538.399,-5.0091
5.1137,538.397,-3.6676
5.9758,538.398,-3.484
5.9746,538.384,-1.9427
6.5665,538.394,-2.8741
3.6021,538.393,-4.606
4.1959,538.405,-5.4791
5.5032,538.398,-4.4799
5.2668,538.405,-5.378
3.1406,538.408,-5.4343
2.1459,538.403,-5.3073
2.5244,538.412,-6.2202
4.7479,538.411,-6.3122
2.6947,538.424,-7.4043
4.2482,538.43,-7.5098
0.6171,538.406,-5.792
0.5665,538.416,-6.6662
1.6157,538.416,-7.2407
-0.95922,538.406,-5.7228
-0.2061,538.408,-6.3493
-1.0997,538.414,-6.5815
-2.3666,538.424,-7.1724
-3.027,538.407,-5.408
-3.4554,538.409,-6.4291
-1.4762,538.429,-7.8839
0.73679,538.425,-7.8502
-0.4139,538.429,-8.5894
7.0936,538.396,-3.6359
6.2268,538.41,-5.2608
7.5788,538.409,-4.8317
7.0894,538.389,-1.8873
5.8736,538.367,-0.19347
6.8831,538.366,0.15625
7.5985,538.382,-0.98065
8.3097,538.412,-4.0375
8.3227,538.388,-1.9587
8.9805,538.399,-3.1345
5.4762,538.357,1.5563
6.3902,538.358,1.00322
6.4857,538.356,1.906
6.5662,538.352,3.0709
5.4845,538.347,3.5096
7.4802,538.355,2.5178
8.1151,538.374,0.21604
8.6361,538.371,1.8527
7.3233,538.425,-5.9238
5.3927,538.431,-7.4383
6.6346,538.429,-7.1734
-4.0121,538.433,-7.7847
-1.7756,538.441,-9.2509
-4.4424,538.445,-9.1511
-3.2656,538.448,-9.9085
8.7166,538.36,3.0175
6.3826,538.342,4.2555
7.456,538.341,4.892
8.7485,538.351,4.4345
3.3395,538.44,-8.5304
0.63534,538.437,-9.164
1.9237,538.454,-9.9044
9.5714,538.414,-4.3865
10.329,538.44,-5.8017
8.1778,538.438,-6.7558
9.342,538.441,-6.9438
9.3515,538.374,0.71578
9.5533,538.4,-2.1248
10.351,538.394,-0.82666
6.1166,538.445,-8.4638
3.4772,538.453,-10.01
5.7142,538.455,-10.001
-5.7249,538.387,-2.3955
-4.6459,538.39,-4.0439
-5.6571,538.396,-4.1502
-6.2103,538.391,-3.3631
-6.1083,538.372,-0.5775
-7.0901,538.374,-0.47852
-7.0371,538.392,-2.3363
-7.662,538.384,-1.3627
-5.2202,538.409,-5.1343
-4.6602,538.411,-5.9131
-6.9811,538.408,-4.3494
-5.7206,538.42,-6.1315
-7.5063,538.414,-5.4222
-7.0125,538.424,-6.2976
-5.8935,538.354,1.0689
-6.672,538.361,0.39326
-6.7804,538.363,1.3337
-6.94,538.353,2.4304
-5.3664,538.349,3.0549
-6.3984,538.347,3.2712
-7.8597,538.365,1.7272
-8.3281,538.373,-0.19053
-8.8819,538.373,1.1559
-8.2157,538.406,-4.371
-8.3118,538.396,-2.3544
-8.8478,538.411,-3.4905
-6.2989,538.431,-7.2869
-5.6254,538.442,-8.2729
-8.2772,538.429,-6.4705
-9.4844,538.442,-6.5813
-9.5229,538.421,-4.5315
-10.239,538.438,-5.916
-7.3962,538.346,3.8754
-9.0355,538.368,2.4035
-8.6759,538.354,3.9314
-9.6307,538.384,0.20024
-9.616,538.399,-2.264
-10.323,538.391,-1.2122
-2.3701,538.325,5.9145
-4.0274,538.334,4.7325
-4.115,538.328,5.7842
-3.3894,538.324,6.3227
-2.3856,538.316,7.0335
-0.48343,538.32,6.1392
-0.39639,538.32,7.1297
-1.5677,538.322,7.6068
-5.0453,538.333,5.1285
-5.7432,538.344,4.4816
-4.3604,538.324,6.8901
-5.3482,538.328,7.2738
-5.981,538.331,5.5646
-6.2118,538.337,6.7698
-4.4262,538.326,7.9552
-2.6482,538.318,8.1493
-3.8887,538.321,8.6521
1.3697,538.322,5.8029
0.54623,538.322,6.6516
1.7311,538.321,6.6453
2.8361,538.323,6.8959
3.7643,538.326,5.2029
3.5431,538.324,6.2735
1.9933,538.315,7.8443
-0.442,538.32,8.1808
1.1666,538.318,8.9268
-6.4214,538.334,7.8447
-4.8958,538.322,9.1306
-6.3867,538.327,9.4477
-7.1121,538.334,5.9589
-7.9877,538.345,5.0215
2.3577,538.313,9.1568
4.0375,538.323,7.398
4.469,538.317,8.4694
3.688,538.321,9.4758
-0.0777,538.311,9.4933
-2.9686,538.319,9.3064
-1.7802,538.317,10.282
9.9952,538.364,3.7563
11.42,538.375,2.8262
10.872,538.383,0.80999
6.1733,538.338,5.365
5.07,538.336,5.6005
5.9546,538.33,6.4807
6.6278,538.33,7.4199
8.5341,538.348,5.7954
8.1132,538.342,7.2993
-8.8587,538.444,-7.6575
-7.0219,538.445,-8.5276
-8.5646,538.457,-8.7668
-8.3833,538.348,6.2447
-7.4747,538.333,8.8226
-8.6908,538.336,7.8044
-1.9645,538.465,-10.751
0.77304,538.454,-10.644
-0.63076,538.47,-11.527
2.8613,538.312,10.558
1.8454,538.308,11.861
-0.1716,538.307,11.028
5.3377,538.324,7.6458
5.1255,538.321,9.8063
7.4074,538.336,8.7144
6.6151,538.321,10.106
-11.014,538.385,0.39018
-9.8423,538.362,3.4657
-11.936,538.385,1.7378
-11.293,538.374,3.3084
-10.947,538.453,-7.066
-9.8155,538.466,-8.9659
-11.625,538.481,-8.8089
-11.004,538.411,-2.4215
-11.03,538.429,-4.8037
-11.456,538.424,-3.7247
11.186,538.43,-4.6673
11.074,538.412,-2.0306
11.995,538.427,-3.4909
-12.823,538.408,0.0886
-12.312,538.423,-2.4956
-13.388,538.424,-1.6001
-9.7993,538.351,6.64
-10.751,538.365,5.1998
-5.7444,538.32,10.291
-3.0626,538.318,10.841
-4.6402,538.315,11.551
-8.802,538.342,9.4945
-6.3181,538.325,11.925
-9.235,538.334,11.29
-8.0927,538.333,12.618
11.475,538.37,4.4125
9.5994,538.345,6.8694
11.398,538.358,6.2023
12.886,538.442,-4.9809
13.919,538.471,-6.6788
10.885,538.461,-7.523
12.717,538.471,-7.944
-5.0079,538.459,-10.554
-7.759,538.465,-9.9671
-6.845,538.481,-11.146
7.0802,538.465,-9.7318
8.4961,538.457,-8.463
3.1758,538.315,12.18
5.6906,538.319,11.321
4.7218,538.32,12.729
-2.286,538.485,-12.347
-5.4051,538.49,-12.196
-4.1223,538.494,-13.208
12.42,538.394,1.2838
13.058,538.374,5.2221
14.365,538.404,1.4897
14.954,538.395,4.0925
4.2984,538.471,-11.375
0.65764,538.481,-12.268
2.444,538.49,-13.096
0.14287,538.307,12.65
3.6162,538.313,14.12
2.2186,538.311,15.584
0.0892,538.314,14.638
-12.304,538.439,-5.117
-12.551,538.47,-7.9692
-13.706,538.466,-6.3415
-13.126,538.386,3.4425
-14.524,538.423,-0.14206
-15.047,538.402,3.1983
-15.884,538.427,1.4191
-13.93,538.434,-3.0664
-14.267,538.453,-4.9982
-3.4518,538.311,12.527
-1.9278,538.315,13.805
8.2191,538.47,-10.159
4.8423,538.496,-13.028
8.4692,538.496,-12.118
7.0126,538.511,-13.579
12.793,538.423,-2.1928
13.817,538.421,-0.52653
8.2888,538.338,10.071
10.279,538.35,9.906
10.932,538.349,8.0455
-11.249,538.486,-10.122
-8.4831,538.491,-11.499
-10.517,538.509,-11.823
-14.55,538.496,-8.1116
-12.499,538.514,-11.692
-14.72,538.543,-11.955
-15.749,538.532,-10.345
-11.283,538.358,6.7932
-10.679,538.348,10.067
-12.08,538.362,8.6271
-2.5322,538.507,-14.228
0.93987,538.501,-14.092
-0.92085,538.524,-15.227
9.3669,538.343,11.609
6.3877,538.325,13.118
8.2,538.332,13.466
12.351,538.359,9.2765
10.451,538.341,13.405
12.751,538.358,13.31
14.197,538.375,11.126
14.828,538.466,-5.3615
14.738,538.435,-1.9869
15.939,538.46,-3.8732
-3.5055,538.315,14.515
-6.7553,538.327,14.123
-5.0862,538.325,15.438
14.677,538.5,-8.5679
16.706,538.531,-9.3003
17.053,538.487,-5.5815
18.424,538.527,-7.7643
11.444,538.479,-9.3646
10.245,538.493,-10.6
-14.175,538.388,5.1719
-13.268,538.372,6.9469
-15.516,538.461,-4.06
-16.596,538.444,-0.61014
-16.926,538.459,-2.4164
-17.338,538.483,-4.6512
-17.188,538.516,-8.2781
-18.419,538.51,-6.3418
-6.0759,538.51,-13.97
-9.4052,538.523,-13.279
-8.1776,538.535,-14.776
-10.062,538.345,13.387
-12.659,538.363,10.408
-13.619,538.37,12.607
-12.283,538.356,14.005
14.934,538.394,6.2475
14.938,538.38,8.7973
-2.9505,538.54,-16.269
-6.6227,538.549,-16.073
-5.1105,538.559,-17.469
15.347,538.525,-10.758
12.008,538.509,-11.323
13.911,538.525,-11.736
3.8519,538.322,16.211
7.0471,538.329,15.109
5.8828,538.326,16.835
1.0255,538.535,-16.174
4.9728,538.531,-15.486
2.9766,538.556,-17.278
-17.176,538.428,3.1694
-15.224,538.393,7.0799
-18.647,538.436,5.1412
-17.619,538.419,7.035
-0.00702,538.312,16.872
4.2734,538.325,18.512
0.57375,538.325,19.202
2.5056,538.324,20.274
16.351,538.422,2.2822
16.963,538.455,-2.2069
18.212,538.457,-0.0861
-3.5622,538.316,16.716
-1.6517,538.315,18.172
-13.788,538.556,-14.006
-10.354,538.556,-15.237
-12.789,538.577,-15.802
-17.373,538.573,-12.465
-18.571,538.607,-14.449
-15.122,538.601,-16.222
-18.081,538.638,-16.33
-19.687,538.46,2.9492
-18.503,538.464,-0.79452
-20.664,538.481,0.352
7.9242,538.334,17.278
11.391,538.349,15.557
10.187,538.355,17.535
17.171,538.406,7.6016
18.801,538.444,2.5167
19.478,538.439,5.6129
-3.1858,538.574,-18.736
0.9591,538.573,-18.533
-1.28,538.595,-19.942
4.8368,538.334,21.05
8.8605,538.346,19.524
7.5608,538.349,21.685
-7.0222,538.327,16.316
-10.819,538.35,15.659
-9.3876,538.34,17.05
-15.183,538.384,10.96
-16.437,538.394,9.2457
15.915,538.558,-12.619
19.188,538.563,-9.995
17.739,538.6,-14.405
20.152,538.603,-12.8
9.0765,538.529,-14.323
12.419,538.54,-13.242
11.342,538.554,-14.717
-3.2324,538.326,19.095
-7.5743,538.342,18.49
-5.7174,538.334,20.375
19.535,538.527,-6.2761
19.413,538.49,-1.9725
20.963,538.525,-4.3123
9.5346,538.567,-16.525
5.3798,538.57,-17.934
7.8479,538.586,-18.359
13.245,538.57,-15.353
15.994,538.605,-15.554
0.73963,538.331,21.704
-3.8069,538.335,21.831
-1.5968,538.343,23.461
-7.3619,538.582,-18.44
-11.296,538.593,-17.638
-9.8695,538.616,-19.415
-14.72,538.377,14.759
-17.604,538.412,11.28
-17.356,538.407,15.576
-18.802,538.424,13.678
-11.675,538.358,17.869
-15.691,538.39,17.345
-14.082,538.384,18.39
-8.0462,538.631,-21.115
-3.6456,538.62,-21.341
-6.2098,538.657,-22.834
-20.142,538.449,7.2639
-22.423,538.492,2.3312
-23.08,538.488,7.3636
-24.252,538.507,5.1063
15.609,538.391,13.012
12.758,538.37,17.57
15.667,538.392,17.595
16.32,538.395,15.51
14.691,538.614,-17.351
10.269,538.609,-18.991
12.849,538.636,-19.687
21.869,538.606,-11.264
22.333,538.558,-6.4951
24.007,538.611,-9.2131
5.5377,538.614,-20.499
0.7746,538.618,-21.172
3.3075,538.646,-22.713
-21.075,538.508,-1.86
-20.055,538.508,-4.4315
19.586,538.434,8.6667
20,538.437,11.515
18.031,538.417,12.813
0.46486,538.35,24.614
5.7107,538.357,23.567
3.4194,538.37,26.11
-19.831,538.602,-12.441
-19.919,538.557,-8.5209
-21.435,538.603,-10.985
20.274,538.654,-15.946
15.776,538.667,-20.088
19.14,538.717,-20.681
20.829,538.694,-18.47
-12.376,538.376,20.087
-8.1488,538.355,21.226
-11.127,538.376,22.302
21.561,538.484,3.1217
22.211,538.518,-2.1915
23.689,538.523,0.47134
-21.784,538.456,9.7204
-20.339,538.442,11.539
-20.646,538.662,-16.441
-22.864,538.64,-12.862
-24.038,538.701,-16.044
-12.458,538.639,-20.145
-16.866,538.658,-18.506
-15.436,538.678,-20.646
14.303,538.386,19.96
9.9751,538.367,21.979
13.203,538.389,22.335
-8.9178,538.693,-23.983
-13.744,538.694,-22.789
-11.941,538.729,-25.135
-16.689,538.417,19.463
-20.097,538.443,16.173
-19.515,538.458,21.22
-21.484,538.47,19.388
-13.731,538.401,22.95
-17.575,538.438,22.566
10.807,538.662,-21.873
6.1707,538.668,-23.395
8.942,538.693,-24.029
16.42,538.423,22.424
19.759,538.459,22.446
18.271,538.425,17.583
20.335,538.451,19.36
24.97,538.664,-12.018
26.029,538.722,-15.273
23.528,538.71,-16.634
22.76,538.477,9.255
24.522,538.515,3.833
25.193,538.516,7.1869
-22.405,538.534,-3.5588
-25.471,538.544,1.9357
-25.397,538.579,-3.1541
-26.333,538.567,-0.65584
-3.9529,538.672,-24.322
1.0683,538.666,-24.122
-1.7079,538.698,-25.834
-4.0817,538.357,24.741
-9.2703,538.38,24.187
-7.0307,538.386,26.425
-22.95,538.59,-8.5431
-24.179,538.583,-6.2513
25.435,538.615,-7.2493
25.24,538.563,-1.8685
27.204,538.624,-4.7009
-26.158,538.53,7.5531
-23.252,538.479,12.069
-26.703,538.534,12.491
-28.115,538.559,10.375
-29.561,538.591,7.6171
-28.492,538.595,2.2564
-30.714,538.62,4.5088
-4.8205,538.387,28.056
1.083,538.384,27.867
-1.8553,538.402,30.005
-23.455,538.729,-18.275
-18.606,538.713,-20.878
-22.058,538.76,-21.118
11.708,538.719,-24.948
16.878,538.737,-23.524
15.083,538.762,-25.745
28.36,538.726,-13.03
28.877,538.672,-7.4188
30.904,538.747,-10.714
11.848,538.399,24.632
6.3289,538.381,26.82
9.8701,538.406,27.755
-4.5067,538.741,-27.537
-9.7713,538.751,-27.191
-7.3811,538.783,-29.271
6.444,538.73,-26.588
0.82492,538.73,-27.375
4.2271,538.776,-29.087
-16.253,538.439,25.139
-10.009,538.404,27.502
-13.507,538.445,28.506
18.582,538.465,25.025
13.098,538.432,28.111
16.792,538.479,28.547
-25.929,538.709,-14.228
-25.983,538.635,-8.6794
-28,538.709,-11.501
7.3947,538.798,-29.937
12.88,538.801,-28.285
10.861,538.835,-30.748
-25.021,538.507,14.633
-23.299,538.487,17.047
-22.652,538.504,22.465
-17.884,538.485,28.211
-23.874,538.549,26.111
-21.478,538.543,28.853
21.035,538.454,14.006
23.382,538.485,15.388
25.832,538.52,10.429
26.169,538.53,14.027
-25.701,538.806,-20.771
-29.427,538.769,-14.795
-31.502,538.857,-18.179
-29.799,538.88,-21.124
-11.104,538.455,30.942
-4.8043,538.428,31.689
-8.296,538.467,33.77
-20.48,538.779,-23.51
-15.168,538.762,-25.789
-18.373,538.82,-26.928
27.781,538.566,4.2715
28.682,538.621,-2.038
30.421,538.636,1.265
22.885,538.501,21.761
25.882,538.566,24.286
20.298,538.518,28.584
24.734,538.583,28.339
21.063,538.453,16.945
-29.992,538.593,12.941
-26.71,538.543,17.899
-30.224,538.612,18.925
-32.296,538.645,16.136
-32.984,538.655,7.3124
-35.451,538.708,10.464
-33.835,538.679,13.805
26.272,538.54,17.291
26.475,538.556,21.021
7.5788,538.427,30.299
1.0993,538.414,31.501
4.623,538.446,33.256
-21.922,538.869,-27.257
-28.104,538.911,-24.569
-26.311,538.936,-27.604
18.627,538.821,-26.6
22.459,538.771,-21.727
22.192,538.872,-27.308
24.734,538.852,-24.157
1.4508,538.806,-30.799
-4.7531,538.816,-31.075
-1.5657,538.854,-32.983
32.08,538.808,-14.097
26.783,538.772,-17.918
29.452,538.849,-19.907
33.14,538.888,-17.59
29.041,538.58,11.725
31.943,538.634,9.3972
31.404,538.635,5.1683
-26.278,538.569,23.853
-28.3,538.596,21.574
-10.647,538.831,-30.63
-14.246,538.89,-32.278
-16.307,538.858,-29.636
-28.292,538.621,-3.3481
-29.502,538.696,-8.6878
-31.112,538.695,-5.514
32.673,538.754,-8.166
32.385,538.689,-1.5673
34.774,538.765,-4.9344
-31.807,538.654,1.4325
-32.251,538.698,-2.4801
29.679,538.603,19.489
32.432,538.639,13.5
32.638,538.663,17.499
8.4225,538.884,-33.606
2.0966,538.896,-34.817
5.7335,538.932,-36.219
20.069,538.898,-29.975
14.567,538.883,-31.702
18.018,538.937,-32.542
32.865,538.683,21.423
28.527,538.647,27.563
32.879,538.727,26.606
-12.012,538.507,34.905
-18.294,538.544,32.824
-15.567,538.562,36.01
36.048,538.903,-14.942
36.801,538.847,-8.23
39.181,538.942,-12.076
-11.424,538.926,-34.745
-4.6546,538.899,-34.997
-7.9948,538.956,-36.84
14.813,538.489,31.67
8.1642,538.47,34.191
12.535,538.513,35.105
-29.872,538.653,25.171
-31.594,538.722,29.086
-24.999,538.617,30.655
-29.087,538.698,31.632
-33.462,538.772,-8.2863
-33.975,538.864,-14.817
-35.703,538.861,-11.732
-5.3308,538.486,35.72
1.6846,538.472,35.393
-1.7683,538.505,37.911
-34.806,538.727,-0.34868
-36.87,538.742,6.7314
-37.883,538.786,3.247
-37.607,538.853,-7.8785
-38.504,538.827,-1.3965
-38.97,538.858,-4.6571
-17.562,538.957,-33.505
-19.584,539.066,-37.425
-11.607,539.022,-38.627
-16.432,539.139,-41.502
34.804,538.704,6.2947
35.77,538.719,15.095
39.731,538.813,7.9515
39.748,538.815,12.696
-38.165,538.953,-15.024
-34.401,538.975,-21.666
-38.71,539.075,-21.863
-40.498,539.066,-18.524
26.728,538.833,-21.391
26.745,538.941,-27.238
21.778,538.999,-33.446
25.819,539.076,-34.159
27.397,539.028,-31.007
33.21,538.945,-21.441
30.312,538.998,-27.254
33.283,539.018,-25.502
36.513,538.782,-1.6313
38.94,538.812,2.9072
-34.067,538.698,19.789
-34.044,538.744,26.334
-36.238,538.771,23.565
15.717,538.976,-35.393
9.6745,538.972,-37.206
13.417,539.024,-37.94
-37.929,538.766,13.612
-42.223,538.88,13.672
-40.711,538.839,6.3339
-43.815,538.926,9.4766
-40.434,538.844,17.351
-38.31,538.809,20.776
16.229,538.555,35.54
22.944,538.596,31.86
20.502,538.619,35.902
-5.26,538.55,39.992
-12.387,538.581,39.224
-9.2202,538.619,42.438
-21.836,539.023,-34.594
-24.204,538.977,-31.022
23.451,539.114,-37.162
17.15,539.08,-38.941
20.535,539.138,-39.93
9.5796,538.543,38.062
1.7554,538.532,39.666
6.3733,538.58,41.211
-42.542,539.057,-14.82
-41.563,538.953,-8.1522
-44.77,539.07,-11.069
2.6655,538.986,-38.586
-4.287,539.001,-39.047
-0.78988,539.052,-41.245
40.465,539.021,-15.922
37.486,539.059,-22.848
41.17,539.103,-20.134
18.224,538.638,39.336
11.036,538.623,42.225
15.763,538.679,42.983
41.282,538.954,-8.8446
41.571,538.898,-0.61465
43.683,538.983,-4.9363
36.07,538.775,24.518
40.034,538.836,16.937
40.157,538.861,21.296
-26.225,539.093,-34.941
-20.903,539.217,-42.735
-28.542,539.236,-39.048
-25.712,539.293,-43.05
-38.258,538.858,27.529
-33.196,538.806,33.201
-40.462,538.966,31.468
-37.704,538.939,34.556
-19.409,538.619,37.017
-26.11,538.685,34.869
-23.081,538.678,37.2
44.7,539.15,-16.971
46.062,539.082,-8.7825
48.703,539.223,-13.85
24.939,538.685,35.656
31.732,538.744,30.658
29.387,538.767,35.934
10.512,539.076,-40.939
3.3411,539.104,-42.913
7.5567,539.144,-44.048
29.579,539.14,-34.454
24.62,539.22,-40.767
29.14,539.313,-41.646
32.221,539.26,-37.571
18.045,539.185,-42.675
11.746,539.189,-44.982
15.627,539.247,-45.897
-36.634,539.092,-25.462
-30.643,539.027,-28.176
-34.916,539.115,-28.594
-4.1898,539.115,-43.266
-12.339,539.174,-44.064
-8.299,539.191,-45.654
-5.6578,538.641,44.629
2.8033,538.619,43.964
-0.87762,538.692,47.349
-42.605,538.922,21.128
-46.705,539.011,13.264
-47.198,539.064,21.605
-50.05,539.129,17.154
-42.868,538.999,28.422
-45.074,539.023,25.03
3.8613,539.213,-47.107
0.21535,539.279,-49.473
-4.5844,539.241,-48.002
-42.449,538.918,-0.9945
-45.056,538.962,5.3379
-45.989,539.006,1.2715
-43.138,539.192,-22.148
-39.3,539.225,-29.153
-43.675,539.339,-29.501
-45.552,539.324,-25.94
-47.472,539.198,-14.495
-47.661,539.316,-22.005
-48.801,539.29,-18.583
33.929,539.222,-34.208
34.333,539.117,-29.297
19.247,539.316,-47.05
22.973,539.394,-47.995
25.849,539.34,-44.874
-32.847,539.154,-32.128
-30.91,539.189,-35.475
-13.17,538.673,43.812
-19.961,538.687,40.811
-17.985,538.724,43.891
-46.602,539.05,-2.3867
-46.38,539.081,-7.2378
20.037,538.739,43.344
24.468,538.813,43.68
26.945,538.789,39.975
44.161,538.936,9.3494
46.319,539.025,-0.0469
48.271,539.063,3.6007
48.239,539.055,7.1005
12.433,539.329,-49.366
9.381,539.385,-52.141
4.9283,539.331,-50.884
-4.9784,538.765,50.026
-14.622,538.768,47.534
-10.883,538.839,51.693
-49.449,539.102,4.2781
-51.949,539.175,12.167
-53.087,539.214,6.8569
33.739,538.846,34.977
38.339,538.966,35.192
40.3,538.906,26.741
40.918,538.972,31.119
13.641,539.454,-53.253
20.424,539.461,-51.368
17.643,539.521,-54.258
44.351,538.959,18.805
48.123,539.068,16.413
48.334,539.056,12.68
-41.622,539.37,-33.169
-35.419,539.289,-36.087
-39.489,539.392,-36.544
-34.822,538.907,37.431
-27.219,538.764,38.555
-30.899,538.884,40.736
12.475,538.726,46.382
4.1943,538.737,49.015
9.8,538.787,49.918
-50.215,539.181,-5.2281
-54.269,539.292,-2.2779
-54.069,539.264,2.229
-54.042,539.322,-7.5634
-54.224,539.381,-11.867
-51.343,539.31,-14.265
22.008,538.864,47.327
19.492,538.918,51.114
14.886,538.857,50.747
5.5413,539.458,-54.908
14.379,539.593,-57.349
10.895,539.658,-60.062
6.6765,539.589,-58.75
27.585,539.494,-49
21.676,539.605,-55.338
28.718,539.641,-53.463
25.454,539.701,-56.728
33.804,539.395,-41.596
31.804,539.595,-50.105
34.62,539.56,-46.833
-42.279,539.082,35.644
-47.461,539.14,28.9
-49.956,539.282,32.936
-46.984,539.242,36.823
-44.009,539.209,40.175
-35.324,539.023,42.579
-40.605,539.187,43.778
-52.744,539.243,21.005
-52.162,539.308,29.545
-54.601,539.359,25.945
-48.278,539.474,-29.752
-50.673,539.625,-33.347
-43.942,539.519,-37.202
-48.461,539.659,-37.556
-51.557,539.439,-22.236
-52.822,539.61,-29.244
-54.298,539.576,-24.926
37.392,539.242,-32.202
41.059,539.375,-34.166
37.875,539.514,-42.563
41.449,539.503,-39.101
41.481,539.188,-24.604
41.398,539.273,-29.137
45.587,539.327,-26.147
49.638,539.315,-18.516
49.664,539.41,-23.873
-13.128,539.308,-48.752
-16.152,539.441,-52.265
-22.334,539.369,-47.423
-20.055,539.467,-51.614
-3.9587,539.367,-52.082
1.8152,539.525,-57.243
-2.4031,539.505,-56.461
22.458,539.761,-59.886
19.266,539.829,-62.817
15.193,539.726,-61.268
-7.5965,539.469,-54.89
-11.405,539.466,-54.162
23.923,538.992,51.449
28.916,538.909,43.957
30.953,539.042,47.999
28.401,539.089,51.777
-37.361,539.439,-40.166
-34.689,539.484,-44.147
-30.397,539.385,-43.585
36.019,539.712,-51.228
29.751,539.812,-57.962
37.665,539.894,-55.688
34.307,539.939,-59.252
49.725,539.503,-28.869
46.075,539.546,-35.654
49.194,539.567,-32.906
-56.929,539.35,10.472
-60.581,539.505,13.267
-57.707,539.433,20.943
-60.702,539.53,18.078
25.885,539.153,55.564
16.802,538.992,54.87
23.347,539.233,59.473
18.778,539.147,59.149
33.43,539.013,44.294
35.994,538.994,40.467
32.914,539.193,52.113
38.03,539.132,44.509
37.602,539.324,52.527
40.165,539.297,48.711
40.669,539.85,-52.219
43.772,539.823,-48.539
42.839,539.678,-44.295
23.143,539.93,-64.29
27.657,540.057,-65.86
31.043,539.993,-62.517
24.314,540.118,-68.923
15.508,539.895,-65.82
16.394,540.072,-70.324
20.643,540.194,-72.199
51.355,539.26,-9.6502
50.779,539.174,-1.2582
53.252,539.272,-4.3806
-58.07,539.414,0.15137
-58.513,539.504,-8.9761
-62.077,539.587,-1.9285
-62.342,539.627,-6.5468
6.0359,538.871,53.837
3.0953,538.976,57.492
-5.7782,538.895,54.747
-0.88344,538.962,57.147
-61.877,539.555,2.5784
-61.735,539.545,7.2075
-62.586,539.683,-11.167
-55.78,539.483,-16.218
-58.821,539.635,-18.591
-62.769,539.75,-16.242
-65.742,539.717,5.1277
-66.15,539.766,-4.1197
-70.114,539.936,-1.5747
-69.932,539.913,2.9394
-69.79,539.896,7.5685
-69.663,539.905,12.435
-65.989,539.74,14.862
-70.379,539.973,-6.193
-66.749,539.889,-13.872
-70.689,540.038,-11.039
27.825,539.328,59.801
35.05,539.38,56.305
32.567,539.442,60.099
42.729,539.28,44.884
45.377,539.275,40.895
43.173,539.123,36.609
-55.622,539.555,-21.043
-53.16,539.801,-37.364
-57.074,539.731,-28.285
-60.685,539.946,-32.011
-58.045,539.955,-36.984
32.214,540.181,-67.15
33.526,540.392,-71.863
25.158,540.323,-73.768
29.967,540.467,-75.319
6.9658,539.734,-62.742
8.0392,539.891,-67.162
12.089,539.972,-68.572
14.172,539.083,58.782
9.3631,539.028,58.407
20.717,539.326,63.386
30.029,539.529,64.009
22.701,539.532,67.77
27.391,539.631,68.076
-51.685,539.42,37.467
-57.253,539.509,29.94
-59.674,539.683,34.472
-56.126,539.589,37.68
-45.309,539.355,44.957
-52.986,539.561,41.78
-51.08,539.578,45.928
42.301,539.475,52.903
37.254,539.574,60.513
42.077,539.737,60.959
44.56,539.684,57.188
-38.823,539.587,-44.731
-46.056,539.681,-41.259
-43.752,539.721,-45.151
54.164,539.492,-20.53
58.488,539.618,-18.448
56.179,539.424,-9.5039
59.686,539.595,-13.173
38.958,540.075,-60.243
45.418,540,-52.999
47.147,540.196,-57.604
43.764,540.242,-61.443
3.4714,539.826,-65.635
-1.8108,539.634,-60.426
-0.75922,539.786,-64.634
-0.0204,539.957,-69.243
8.415,540.075,-71.737
4.9528,540.188,-74.831
0.76669,540.118,-73.317
-10.336,539.605,-58.726
-5.3093,539.756,-63.749
-8.895,539.735,-62.636
47.123,539.651,53.371
47.511,539.436,45.097
49.718,539.621,49.435
-27.341,538.865,43.462
-21.995,538.79,44.249
36.912,540.336,-68.52
40.407,540.284,-65.007
-31.859,539.543,-48.15
-34.105,539.725,-52.881
-41.081,539.766,-49.132
-38.384,539.826,-53.14
18.132,539.447,67.445
11.339,539.191,62.686
13.255,539.368,67.01
-48.314,539.864,-45.66
-53.191,540.02,-45.918
-55.583,539.991,-41.56
-62.601,539.825,-21.577
-62.342,539.905,-27.106
-74.161,540.117,0.86613
-74.653,540.202,-8.494
-78.433,540.356,-1.2224
-78.554,540.385,-6.0901
-70.877,540.106,-16.412
-71.142,540.179,-21.071
-66.638,540.047,-24.871
-78.251,540.331,3.2917
-73.853,540.105,10.247
-77.988,540.321,8.1692
48.287,539.09,21.026
45.226,539.063,27.764
47.778,539.108,24.345
-13.243,539.735,-61.798
-18.668,539.633,-57.268
-16.973,539.809,-62.978
-8.0833,539.888,-67.055
-3.7042,540.08,-72.229
-7.7189,540.042,-71
39.593,539.804,64.753
32.133,539.75,68.374
36.785,539.896,68.806
24.805,539.763,72.135
22.178,539.912,76.286
15.239,539.583,71.394
17.293,539.816,75.907
46.899,539.922,61.427
49.273,540.177,65.692
41.608,540.062,69.251
46.405,540.242,69.751
51.977,539.841,53.72
51.756,540.121,61.921
54.281,540.081,58.061
-78.864,540.443,-10.936
-75.268,540.337,-18.231
-79.177,540.505,-15.814
-82.259,540.55,6.0807
-82.643,540.592,-3.6645
-86.887,540.839,-1.1237
-86.694,540.819,3.8744
52.366,539.616,45.446
47.956,539.274,36.822
52.847,539.458,37.016
55.092,539.627,41.328
8.4463,539.316,66.635
3.548,539.284,66.217
2.1885,539.129,62.192
-29.655,539.623,-52.265
-25.493,539.549,-52.04
-77.861,540.326,13.036
-77.733,540.352,17.938
-69.891,539.947,17.756
-74.243,540.182,19.896
53.671,539.664,-30.508
58.123,539.8,-29.746
58.528,539.717,-24.51
-62.859,539.669,23.235
-62.325,539.732,30.471
-63.931,539.756,27.266
-25.366,538.905,46.932
-36.319,539.157,47.395
-33.112,539.153,50.286
-28.55,539.045,50.054
16.98,540.279,-75.207
9.3273,540.266,-76.416
13.607,540.356,-77.906
26.868,540.011,76.592
34.147,540.003,72.873
31.421,540.138,76.957
47.567,539.818,-44.851
52.22,539.991,-45.829
50.249,540.174,-53.924
53.368,540.151,-50.18
-81.867,540.573,15.86
-86.43,540.808,8.7519
-86.258,540.822,13.522
-83.077,540.691,-13.41
-87.007,540.861,-5.9914
-87.236,540.912,-10.693
-16.337,538.904,52.005
-22.614,538.961,50.893
41.719,540.488,-69.72
34.665,540.61,-76.689
39,540.772,-78.194
42.618,540.735,-75.078
-79.482,540.587,-20.705
-70.926,540.277,-27.197
-79.802,540.683,-25.596
-75.895,540.54,-28.507
-7.3709,539.042,59.251
-10.648,539.153,61.738
-15.839,539.149,60.142
-18.894,539.042,55.666
18.114,540.49,-79.942
26.296,540.535,-78.595
22.446,540.615,-81.68
55.517,539.331,-0.36703
52.836,539.207,6.4987
56.69,539.352,4.2774
51.874,539.224,21.867
52.544,539.208,14.328
56.178,539.378,21.294
56.559,539.365,17.034
56.876,540.05,54.125
57.298,539.821,45.666
59.543,540.038,49.926
50.643,539.305,32.73
48.663,539.183,29.093
-27.228,539.733,-56.863
-36.072,539.913,-57.433
-33.861,539.974,-60.545
-30.646,539.938,-61.377
-43.314,539.965,-53.56
-50.887,540.066,-49.81
-48.218,540.111,-54.004
-11.703,540.012,-69.737
-15.705,539.94,-67.045
28.793,540.294,81.108
19.355,540.076,80.364
26.169,540.478,85.239
21.225,540.347,84.697
5.4641,539.463,70.542
12.417,539.739,75.472
7.5457,539.684,75.056
50.95,539.831,-41.434
49.773,539.701,-37.794
54.443,539.868,-38.355
59.068,540.021,-37.849
57.067,540.17,-46.473
60.603,540.202,-42.965
57.568,539.881,-34.238
55.096,540.355,-54.785
48.596,540.407,-62.368
57.402,540.607,-59.975
54.076,540.64,-63.978
57.779,539.655,37.235
53.527,539.358,29.057
60.489,539.691,33.082
57.788,539.51,28.671
-0.85758,539.267,65.963
-4.0416,539.384,68.631
-3.0728,539.591,73.495
2.6475,539.642,74.639
9.98,540.475,-81.241
1.1824,540.313,-78.066
2.2441,540.508,-82.6
6.5048,540.596,-84.191
18.855,540.703,-84.617
15.305,540.802,-87.382
11.096,540.695,-85.829
-7.3521,540.205,-75.137
-6.7174,540.381,-79.411
-2.3046,540.435,-80.924
-21.609,539.836,-62.25
-26.034,539.862,-61.148
-45.522,540.171,-58.012
-42.895,540.252,-62.572
-38.465,540.089,-60.868
56.655,540.339,62.326
51.262,540.46,70.245
59.015,540.631,66.624
56.183,540.689,70.716
36.073,540.28,77.388
43.596,540.338,73.804
41.037,540.454,77.747
61.54,540.584,62.764
64.154,540.539,58.53
61.847,540.275,54.267
62.831,539.94,-27.777
64.064,540.226,-38.361
66.257,540.147,-30.893
67.312,540.268,-34.682
66.7,540.05,-25.097
64.554,539.825,-16.587
68.756,540.07,-20.5
30.722,540.6,85.604
35.689,540.757,85.857
38.311,540.597,81.832
-47.455,539.552,49.831
-43.311,539.522,53.353
-38.624,539.334,51.83
-58.157,540.187,-45.711
-53.095,540.268,-54.262
-61.347,540.428,-49.769
-58.683,540.489,-54.899
-83.71,540.859,-23.18
-87.549,540.975,-15.571
-87.868,541.064,-20.45
60.714,540.598,-55.989
62.038,540.384,-47.466
63.648,540.601,-52.582
-63.542,540.147,-36.155
-70.948,540.378,-32.416
-67.827,540.302,-35.258
62.734,539.872,37.394
62.269,540.038,45.808
64.976,540.064,41.658
-78.114,540.418,22.895
-82.11,540.677,25.151
-86.129,540.849,18.424
-85.623,540.867,23.007
-70.236,540.001,22.377
-67.253,539.874,24.127
-91.057,541.092,1.5475
-91.479,541.161,-8.1524
-95.687,541.422,-5.5905
-95.347,541.383,-0.62
-78.369,540.491,27.159
-71.384,540.102,26.665
-74.517,540.304,29.119
53.315,540.76,74.775
45.834,540.653,78.247
50.745,540.868,78.63
66.514,540.834,62.827
61.068,540.936,71.154
66.042,541.199,71.271
68.601,541.144,67.353
-90.692,541.089,11.315
-94.828,541.354,8.8766
-95.154,541.367,4.3781
-63.844,540.388,-45.133
-64.898,540.317,-40.802
-47.928,540.414,-63.097
-55.843,540.534,-59.344
-52.296,540.523,-62.399
-61.154,539.826,38.694
-66.617,539.944,31.78
-69.539,540.142,34.466
-69.24,540.222,39.183
-64.77,540.036,40.998
-79.98,540.8,-31.211
-88.188,541.157,-25.341
-88.157,541.242,-30.324
-84.02,541.065,-32.998
-92.027,541.283,-17.733
-95.916,541.469,-10.292
-96.06,541.523,-15.272
-55.452,539.765,46.345
-60.802,539.944,44.491
46.313,540.685,-71.41
50.471,540.671,-68.042
27.256,540.764,-83.23
31.681,540.909,-84.728
35.441,540.841,-81.65
59.479,539.464,1.0711
62.896,539.616,-2.1118
61.899,539.619,-7.0589
55.659,539.393,25.048
62.744,539.726,28.83
68.095,539.957,27.94
67.686,540.101,37.504
70.397,540.159,33.356
16.34,540.252,84.319
11.43,540.171,83.866
9.5999,539.924,79.57
-15.761,540.1,-71.009
-15.335,540.327,-76.753
-11.107,540.349,-78.002
-19.721,540.252,-73.829
-24.07,540.245,-72.168
-24.543,540.048,-67.102
-15.093,540.506,-81.076
-24.108,540.47,-77.809
-18.825,540.679,-84.063
-23.311,540.661,-82.427
-6.0921,540.581,-84.029
-9.9041,540.745,-87.064
-14.196,540.702,-85.493
2.9242,540.728,-87.274
-5.095,540.797,-88.741
-0.69703,540.865,-90.307
19.863,540.939,-89.268
27.693,540.979,-87.93
24.067,541.07,-90.864
11.679,540.916,-90.552
12.793,541.175,-95.557
20.304,541.161,-93.845
17.264,541.286,-96.895
3.8891,540.952,-92.039
8.3073,541.058,-93.875
-79.923,540.906,-35.968
-76.297,540.783,-38.786
-72.618,540.569,-37.118
-96.38,541.606,-20.151
-97.401,541.75,-25.357
-92.316,541.448,-27.594
-78.307,540.56,31.699
-82.62,540.878,34.648
-86.422,541.072,32.233
-85.874,540.955,27.601
-90.109,541.135,20.724
-94.316,541.393,18.421
-94.653,541.37,13.852
106.02,542.194,9.5133
106.12,542.178,-0.19318
102.46,541.909,6.8766
101.7,541.838,2.5349
66.822,540.525,54.331
71.8,540.801,54.62
74.055,541.094,59.02
71.215,541.106,63.119
55.666,541.102,79.101
60.553,541.369,79.571
63.211,541.26,75.363
-5.2453,539.226,64.539
23.154,540.654,89.193
33.065,540.94,89.988
30.59,541.181,94.504
25.497,541.112,95.225
13.299,540.444,88.199
15.356,540.765,92.734
20.295,540.97,94.665
40.653,540.934,86.216
43.104,541.366,91.543
39.684,541.445,94.432
35.749,541.35,94.76
48.186,540.985,82.573
45.819,541.191,87.379
6.5586,540.113,83.45
10.445,540.686,92.282
3.4892,540.327,87.294
5.5391,540.622,91.829
-27.954,540.656,-80.63
-32.619,540.668,-79.056
-32.741,540.476,-74.388
-29.162,540.273,-70.877
-7.6803,539.545,72.002
-12.411,539.507,70.415
-14.334,539.334,65.691
-0.9912,539.808,78.01
-4.0606,540.018,81.853
-11.442,539.723,75.279
-10.489,539.999,80.957
1.6596,540.073,82.997
67.221,540.284,45.918
69.493,540.535,50.357
56.785,539.357,12.721
56.587,539.343,8.3788
60.639,539.543,19.859
65.169,539.772,23.605
65.684,539.751,18.727
60.883,539.514,10.659
65.495,539.718,13.175
70.414,539.96,16.453
73.025,540.204,27.771
74.574,540.19,18.963
75.433,540.286,23.905
-4.5527,541.033,-93.574
-13.601,540.924,-90.282
-8.0606,541.264,-97.863
-12.521,541.143,-95.025
4.5731,541.212,-97.121
-3.2418,541.333,-99.564
1.9818,541.385,-100.45
-17.2,541.099,-93.313
-22.643,540.859,-87.006
-21.626,541.075,-91.671
59.616,540.888,-65.421
66.208,540.868,-57.553
68.533,541.145,-62.632
65.512,541.138,-65.817
13.775,541.441,-100.42
10.597,541.552,-102.99
6.7417,541.497,-102.37
-11.673,541.457,-101.11
-11.146,541.678,-105.3
-1.4529,541.63,-104.97
-20.887,541.31,-96.498
-19.935,541.544,-101.23
-15.911,541.555,-102.31
-26.402,541.054,-89.957
-31.822,540.864,-83.673
-30.872,541.073,-88.561
-30.049,541.287,-93.386
-24.74,541.51,-99.443
-28.909,541.512,-98.033
-36.67,540.68,-77.305
-35.538,541.092,-86.986
-40.098,541.101,-85.051
-40.651,540.911,-80.49
-40.915,540.487,-70.227
-40.604,540.701,-75.689
-36.446,540.311,-68.301
-32.879,540.27,-69.239
-33.675,541.522,-96.571
-38.383,541.541,-94.83
-39.148,541.316,-89.938
67.574,540.642,-48.625
71.624,540.716,-44.848
69.196,540.472,-39.86
102.25,541.92,11.68
104.94,542.202,19.002
101.05,541.858,15.749
101.48,541.827,-1.9857
105.76,542.182,-9.8022
101.02,541.81,-7.5343
50.884,541.426,87.785
57.983,541.47,83.426
55.342,541.559,86.847
52.95,541.784,91.774
44.925,541.727,95.664
65.528,541.635,79.689
60.308,541.841,87.359
70.744,541.479,71.563
73.088,541.854,75.886
7.5964,540.944,96.364
17.388,541.231,98.857
9.6506,541.293,100.9
13.448,541.374,101.43
0.6401,540.579,91.376
-4.331,540.56,90.889
-8.0664,540.28,86.103
4.7443,541.227,100.45
-2.2811,540.851,95.424
-0.22759,541.181,99.963
65.304,539.694,8.2137
64.189,539.65,3.1064
69.074,539.871,5.0895
73.944,540.107,7.5396
74.368,540.139,12.748
72.827,540.052,1.9737
66.844,539.81,-5.5741
72.056,540.04,-3.1896
78.444,540.345,9.723
77.265,540.284,-1.0763
83.121,540.607,6.7081
82.622,540.575,1.4875
28.522,541.219,-92.453
32.597,541.361,-93.704
36.859,541.361,-92.035
36.071,541.066,-86.328
21.67,541.426,-98.614
25.861,541.563,-100.11
28.752,541.442,-96.843
15.331,541.667,-104.43
22.681,541.699,-103.34
8.0227,541.726,-106.48
30.101,541.719,-101.48
37.422,541.601,-96.401
40.868,541.304,-88.807
45.433,541.534,-90.993
46.192,541.765,-95.136
44.214,541.227,-85.353
43.591,540.963,-80.012
48.11,541.179,-81.99
49.797,541.684,-91.443
52.933,541.676,-89.189
52.53,541.426,-84.353
-71.342,540.165,30.884
-78.547,540.674,36.597
-74.116,540.459,38.434
-78.133,540.765,41.607
-86.649,541.198,37.491
-82.015,541.093,44.718
-87.479,541.407,43.163
-77.456,540.867,46.537
-72.808,540.654,48.361
-68.914,540.352,45.231
-90.13,541.279,30.094
-91.557,541.62,40.696
-94.103,541.598,32.399
-94.834,541.759,36.757
-93.781,541.415,23.256
-93.54,541.469,27.463
-86.763,541.514,48.321
-76.689,540.973,51.472
-80.592,541.321,54.59
-85.164,541.584,53.398
-95.742,541.982,42.73
-90.712,541.918,51.957
72.638,540.363,37.62
72.199,540.55,46.207
74.906,540.587,42.061
-97.92,541.744,25.254
-98.509,541.672,16.134
-102.21,541.979,18.627
-101.58,541.996,23.013
-101.34,542.051,27.535
-98.449,541.961,34.061
-100.88,542.085,31.269
-99.194,541.656,6.8047
-102.54,541.953,13.687
-102.99,541.957,9.0104
-19.729,541.769,-105.45
-28.245,541.758,-102.84
-37.405,541.765,-99.647
-42.943,541.561,-92.894
-46.837,541.83,-96.006
-44.34,541.133,-83.318
-48.427,541.396,-86.411
-47.603,541.6,-91.114
-100.27,541.794,-12.71
-99.784,541.703,-2.7598
-103.82,542.014,-5.7479
-103.82,542.032,-9.7915
-101.54,542.004,-22.899
-103.98,542.083,-14.94
-103.34,541.966,4.239
-103.5,541.974,-0.58647
-45.06,540.717,-73.119
-40.467,540.323,-65.993
-49.052,540.77,-71.605
-49.526,540.607,-67.166
-105.78,542.293,20.69
-106.86,542.283,11.283
-104.68,542.354,29.079
-101.67,542.263,35.823
-48.868,541.202,-81.815
-48.978,541.001,-77.182
-52.321,541.666,-89.523
-56.494,541.71,-87.459
-57.161,541.517,-82.882
-53.266,541.266,-80.115
-32.695,540.112,-65.027
-55.75,541.919,-92.22
77.616,540.648,37.913
79.695,540.686,34.158
78.057,540.507,29.518
77.177,540.847,46.5
76.727,541.103,55.047
79.45,541.125,50.869
82.157,541.154,46.724
84.794,541.206,42.488
82.066,540.927,38.601
51.684,540.917,-73.262
51.544,541.154,-79.042
-49.113,539.756,54.573
-58.733,539.978,49.105
-53.724,539.988,56.125
-57.931,540.09,53.844
74.478,540.464,-28.085
71.505,540.396,-31.88
72.529,540.282,-23.217
-18.2,539.504,68.744
-15.519,539.96,79.272
-22.152,539.73,72.58
-19.924,539.905,76.995
61.822,541.155,-70.299
59.333,541.188,-73.362
56.171,541.15,-75.331
73.574,540.96,-49.991
74.602,541.174,-55.447
71.816,541.161,-58.789
-97.355,541.839,-30.574
-101.39,542.169,-33.169
-88.147,541.349,-35.252
-92.563,541.672,-37.551
-96.247,541.857,-35.265
83.052,541.291,-44.764
79.065,541.262,-51.221
81.927,541.33,-48.37
80.571,541.056,-41.031
75.26,540.775,-40.693
70.944,540.022,-8.8584
70.094,540.042,-14.313
-64.451,540.698,-54.511
-71.79,540.77,-46.545
-68.305,540.559,-44.501
-68.963,540.848,-53.209
-72.328,540.917,-50.587
-61.763,540.967,-65.55
-65.811,541.047,-63.082
-57.837,540.742,-63.244
-66.06,540.901,-58.842
37.238,541.705,99.013
27.83,541.527,100.08
18.552,541.605,103.42
81.706,541.422,55.27
76.142,541.408,63.546
81.345,541.734,63.234
84.076,541.744,59.208
86.886,541.755,54.843
89.413,541.777,50.73
87.067,541.485,46.856
75.646,541.798,71.969
78.418,541.739,67.515
-88.425,541.486,-40.225
-80.288,541.042,-40.933
-84.218,541.309,-42.916
-96.52,541.996,-40.387
-88.633,541.626,-45.215
-92.923,541.941,-47.192
-72.877,540.692,-41.835
-80.447,541.18,-45.796
-77.194,541.068,-47.756
80.927,542.13,71.752
86.521,542.08,62.968
-68.147,540.456,50.165
-75.943,541.107,56.414
-71.289,540.907,58.237
-67.381,540.584,55.105
-60.63,541.766,-85.367
-63.373,541.995,-87.9
-63.909,541.8,-83.219
-65.848,541.702,-79.387
-61.536,541.386,-76.029
-57.088,541.312,-78.167
-68.765,541.934,-81.715
-66.11,541.513,-74.607
-70.589,541.594,-71.93
-74.826,541.906,-74.576
-57.478,541.129,-73.538
-65.987,541.263,-68.796
-57.849,540.957,-68.935
-53.743,540.89,-70.909
-74.589,541.651,-68.697
-74.282,541.459,-64.027
-70.599,541.209,-61.839
-78.705,541.764,-66.334
-82.503,542.038,-67.968
1.8267,541.538,104.5
10.586,541.677,105.58
-5.1987,541.162,99.476
-11.161,540.54,89.972
-10.173,541.193,99.505
-12.057,540.887,95.108
91.935,542.112,54.477
92.133,541.83,46.309
96.578,542.146,45.826
94.102,541.847,42.117
91.255,541.536,38.548
86.961,541.243,38.592
-8.2302,541.538,104.12
53.97,541.914,-93.277
-88.595,541.753,-49.932
-84.812,541.605,-52.233
-81.073,541.332,-49.923
-107.46,542.284,1.4082
-107.56,542.311,-7.7885
79.772,540.488,20.126
83.132,540.651,17.394
83.532,540.645,12.321
81.793,540.547,-4.3662
80.571,540.52,-9.3809
75.582,540.283,-12.389
97.96,541.564,4.8302
97.543,541.57,12.973
93.466,541.263,9.1426
92.807,541.208,5.1481
92.192,541.167,-0.65569
96.8,541.492,-4.6215
100.15,541.84,20.052
102.96,542.195,28.229
99.326,541.845,24.714
95.631,541.52,21.318
91.933,541.226,18.462
92.381,541.216,12.865
100.25,542.18,37.231
97.206,541.86,33.778
98.335,541.851,29.272
95.624,541.838,37.857
93.786,541.534,30.115
88.335,541.25,34.649
90.108,541.292,30.961
91.117,541.283,26.779
91.191,541.231,22.746
82.44,540.773,29.945
85.85,541.012,31.236
84.02,540.813,26.504
84.093,540.77,22.746
87.6,541.002,23.744
88.089,540.94,14.53
87.953,540.888,3.6192
91.812,541.163,-5.6991
86.173,540.819,-7.2537
104.99,542.211,-19.444
101.89,541.945,-16.837
100.89,541.833,-12.222
103.12,542.216,-28.679
100.01,541.932,-25.257
101.27,541.963,-21.411
100.28,542.19,-37.559
97.151,541.896,-33.988
98.845,541.928,-29.593
96.677,542.161,-46.163
93.484,541.865,-42.768
95.607,541.887,-38.198
91.547,541.849,-46.806
92.31,542.129,-54.414
90.345,541.892,-50.726
87.355,541.605,-47.178
90.573,541.583,-39.07
85.835,541.315,-39.666
87.224,542.089,-62.25
84.937,541.791,-57.7
88.053,541.87,-54.617
81.468,542.039,-69.614
82.341,541.775,-61.35
79.271,541.747,-65.047
75.088,541.998,-76.449
76.358,541.726,-68.443
73.054,541.711,-71.99
77.229,541.475,-60.437
83.16,541.567,-53.972
68.137,541.957,-82.703
69.843,541.69,-75.108
67.164,541.723,-78.484
71.123,541.44,-67.344
63.675,541.701,-81.34
60.869,541.916,-88.311
60.201,541.666,-83.47
65.392,541.453,-73.937
59.437,541.44,-79.244
56.698,541.647,-86.007
94.248,541.625,-30.465
87.815,541.331,-35.474
90.035,541.369,-30.805
97.078,541.682,-22.524
91.592,541.391,-26.736
93.433,541.439,-22.483
97.314,541.601,-14.289
94.584,541.464,-18.892
93.679,541.352,-14.537
90.488,541.119,-11.331
85.27,541.106,-31.612
81.01,540.873,-31.927
77.808,540.796,-36.081
89.27,541.183,-23.096
85.444,540.972,-23.886
83.048,540.899,-27.628
87.157,541.015,-19.923
87.911,541,-15.628
81.115,540.738,-24.446
84.168,540.795,-16.655
78.909,540.545,-19.471
75.722,540.606,-32.021
76.724,540.479,-22.936
79.651,540.529,-15.576
-39.795,539.514,56.668
-49.193,539.944,60.051
-40.882,539.712,61.313
-45.589,539.916,62.683
-23.794,539.535,67.48
-24.347,539.361,62.649
-22.992,539.205,59.055
-15.744,540.593,89.949
-19.246,540.205,82.702
-20.361,540.523,87.768
-63.488,540.279,51.975
-75.191,541.26,61.355
-84.368,541.73,58.51
-79.801,541.684,64.427
-83.2,541.817,62.293
-74.469,541.306,-59.585
-82.08,541.824,-63.133
-81.657,541.664,-59.209
-78.115,541.391,-56.716
-15.219,541.252,99.522
-18.211,541.575,103.13
-88.909,541.919,-54.401
-92.221,542.159,-55.606
-19.881,541.245,98.582
-21.787,540.87,92.783
-36.059,539.514,59.513
-32.082,539.362,58.126
-30.259,539.215,54.746
-58.315,540.299,59.482
-50.115,540.161,64.63
-57.867,540.474,64.249
-53.93,540.397,66.412
-26.048,539.951,75.662
-32.599,539.735,67.743
-33.307,539.928,71.721
-32.02,540.114,76.12
-28.568,539.575,66.074
-29.853,540.314,80.946
-25.082,540.451,85.291
-66.629,540.724,60.047
-66.269,540.908,64.915
-70.49,541.329,68.822
-74.994,541.476,66.318
-62.361,540.581,61.783
-87.812,542.09,61.159
-74.27,541.136,-54.833
-85.551,541.929,-60.581
-88.776,542.173,-62.002
-88.248,541.998,-57.991
-81.355,541.482,-54.296
-24.935,541.17,96.17
-27.9,541.61,101.1
-41.439,539.912,65.902
-37.83,539.893,68.134
-32.723,539.549,62.829
-49.953,540.361,69.305
-46.411,540.352,72.01
-42.559,540.117,69.794
-66.032,541.17,70.622
-57.925,540.687,69.031
-61.448,540.941,70.918
-74.826,541.749,72.132
-65.342,541.357,75.024
-66.911,541.684,79.228
-57.18,540.862,73.245
-50.13,540.595,74.07
-54.346,540.862,75.797
-83.043,542.044,67.32
-57.756,541.129,77.916
-62.111,541.435,79.46
-42.463,540.337,74.503
-50.46,540.86,78.721
-46.871,540.863,81.299
-41.332,540.536,79.11
-37.618,540.291,76.594
-51.055,541.146,83.264
-59.02,541.443,82.207
-55.199,541.439,85.092
-51.307,541.445,87.885
-47.733,541.469,90.438
-43.095,541.172,88.614
-41.598,540.81,83.65
-59.544,541.761,86.841
-51.853,541.789,92.473
-43.343,541.496,93.206
-44.629,541.842,97.366
-37.546,540.82,86.123
-32.554,540.992,90.926
-39.954,541.526,95.35
-35.911,541.409,95.58
-31.589,540.638,85.835
-29.525,541.203,95.14
-36.881,541.757,99.825
-27.199,539.247,57.719