wavelength,value
3998.26466,0.00342
3997.30030,0.00344
3996.33593,0.00356
3995.37156,0.00375
3994.40719,0.00385
3993.44283,0.00384
3992.47846,0.00377
3991.51409,0.00358
3990.54973,0.00322
3989.58536,0.00299
3988.62099,0.00314
3987.65663,0.00336
3986.69226,0.00341
3985.72789,0.00336
3984.76353,0.00335
3983.79916,0.00345
3982.83479,0.00357
3981.87043,0.00342
3980.90606,0.00300
3979.94169,0.00287
3978.97733,0.00326
3978.01296,0.00363
3977.04859,0.00351
3976.08423,0.00326
3975.11986,0.00334
3974.15549,0.00357
3973.19113,0.00363
3972.22676,0.00351
3971.26239,0.00329
3970.29803,0.00306
3969.33366,0.00295
3968.36929,0.00305
3967.40493,0.00324
3966.44056,0.00326
3965.47619,0.00309
3964.51182,0.00303
3963.54746,0.00319
3962.58309,0.00338
3961.61872,0.00345
3960.65436,0.00332
3959.68999,0.00297
3958.72562,0.00265
3957.76126,0.00273
3956.79689,0.00315
3955.83252,0.00357
3954.86816,0.00381
3953.90379,0.00376
3952.93942,0.00337
3951.97506,0.00297
3951.01069,0.00291
3950.04632,0.00312
3949.08196,0.00330
3948.11759,0.00339
3947.15322,0.00348
3946.18886,0.00347
3945.22449,0.00326
3944.26012,0.00300
3943.29576,0.00292
3942.33139,0.00304
3941.36702,0.00321
3940.40266,0.00335
3939.43829,0.00353
3938.47392,0.00367
3937.50955,0.00360
3936.54519,0.00338
3935.58082,0.00320
3934.61645,0.00313
3933.65209,0.00314
3932.68772,0.00319
3931.72335,0.00326
3930.75899,0.00329
3929.79462,0.00324
3928.83025,0.00321
3927.86589,0.00327
3926.90152,0.00336
3925.93715,0.00336
3924.97279,0.00330
3924.00842,0.00323
3923.04405,0.00315
3922.07969,0.00307
3921.11532,0.00302
3920.15095,0.00300
3919.18659,0.00300
3918.22222,0.00305
3917.25785,0.00324
3916.29349,0.00349
3915.32912,0.00358
3914.36475,0.00345
3913.40039,0.00324
3912.43602,0.00311
3911.47165,0.00312
3910.50729,0.00327
3909.54292,0.00346
3908.57855,0.00357
3907.61418,0.00352
3906.64982,0.00332
3905.68545,0.00305
3904.72108,0.00284
3903.75672,0.00284
3902.79235,0.00301
3901.82798,0.00322
3900.86362,0.00330
3899.89925,0.00322
3898.93488,0.00311
3897.97052,0.00315
3897.00615,0.00332
3896.04178,0.00342
3895.07742,0.00337
3894.11305,0.00321
3893.14868,0.00304
3892.18432,0.00295
3891.21995,0.00293
3890.25558,0.00295
3889.29122,0.00299
3888.32685,0.00307
3887.36248,0.00314
3886.39812,0.00313
3885.43375,0.00301
3884.46938,0.00291
3883.50502,0.00292
3882.54065,0.00301
3881.57628,0.00307
3880.61191,0.00303
3879.64755,0.00294
3878.68318,0.00289
3877.71881,0.00298
3876.75445,0.00326
3875.79008,0.00358
3874.82571,0.00372
3873.86135,0.00358
3872.89698,0.00324
3871.93261,0.00288
3870.96825,0.00257
3870.00388,0.00238
3869.03951,0.00239
3868.07515,0.00258
3867.11078,0.00285
3866.14641,0.00308
3865.18205,0.00321
3864.21768,0.00325
3863.25331,0.00323
3862.28895,0.00317
3861.32458,0.00309
3860.36021,0.00304
3859.39585,0.00305
3858.43148,0.00312
3857.46711,0.00325
3856.50275,0.00336
3855.53838,0.00334
3854.57401,0.00317
3853.60965,0.00295
3852.64528,0.00277
3851.68091,0.00271
3850.71654,0.00280
3849.75218,0.00298
3848.78781,0.00320
3847.82344,0.00343
3846.85908,0.00361
3845.89471,0.00369
3844.93034,0.00362
3843.96598,0.00345
3843.00161,0.00325
3842.03724,0.00311
3841.07288,0.00305
3840.10851,0.00307
3839.14414,0.00321
3838.17978,0.00347
3837.21541,0.00375
3836.25104,0.00394
3835.28668,0.00397
3834.32231,0.00381
3833.35794,0.00354
3832.39358,0.00331
3831.42921,0.00326
3830.46484,0.00343
3829.50048,0.00370
3828.53611,0.00397
3827.57174,0.00415
3826.60738,0.00419
3825.64301,0.00407
3824.67864,0.00388
3823.71428,0.00377
3822.74991,0.00380
3821.78554,0.00392
3820.82117,0.00405
3819.85681,0.00406
3818.89244,0.00388
3817.92807,0.00354
3816.96371,0.00321
3815.99934,0.00305
3815.03497,0.00310
3814.07061,0.00322
3813.10624,0.00333
3812.14187,0.00348
3811.17751,0.00369
3810.21314,0.00385
3809.24877,0.00388
3808.28441,0.00379
3807.32004,0.00367
3806.35567,0.00357
3805.39131,0.00349
3804.42694,0.00349
3803.46257,0.00360
3802.49821,0.00383
3801.53384,0.00404
3800.56947,0.00405
3799.60511,0.00386
3798.64074,0.00362
3797.67637,0.00343
3796.71201,0.00331
3795.74764,0.00330
3794.78327,0.00339
3793.81890,0.00349
3792.85454,0.00353
3791.89017,0.00352
3790.92580,0.00352
3789.96144,0.00357
3788.99707,0.00365
3788.03270,0.00375
3787.06834,0.00382
3786.10397,0.00390
3785.13960,0.00403
3784.17524,0.00420
3783.21087,0.00436
3782.24650,0.00453
3781.28214,0.00460
3780.31777,0.00445
3779.35340,0.00413
3778.38904,0.00382
3777.42467,0.00369
3776.46030,0.00375
3775.49594,0.00390
3774.53157,0.00399
3773.56720,0.00391
3772.60284,0.00371
3771.63847,0.00352
3770.67410,0.00339
3769.70974,0.00334
3768.74537,0.00337
3767.78100,0.00351
3766.81664,0.00372
3765.85227,0.00391
3764.88790,0.00398
3763.92353,0.00396
3762.95917,0.00390
3761.99480,0.00385
3761.03043,0.00385
3760.06607,0.00397
3759.10170,0.00420
3758.13733,0.00438
3757.17297,0.00437
3756.20860,0.00426
3755.24423,0.00424
3754.27987,0.00437
3753.31550,0.00460
3752.35113,0.00479
3751.38677,0.00479
3750.42240,0.00454
3749.45803,0.00420
3748.49367,0.00403
3747.52930,0.00411
3746.56493,0.00426
3745.60057,0.00437
3744.63620,0.00450
3743.67183,0.00470
3742.70747,0.00487
3741.74310,0.00491
3740.77873,0.00490
3739.81437,0.00497
3738.85000,0.00504
3737.88563,0.00501
3736.92127,0.00489
3735.95690,0.00491
3734.99253,0.00512
3734.02816,0.00535
3733.06380,0.00543
3732.09943,0.00533
3731.13506,0.00504
3730.17070,0.00469
3729.20633,0.00451
3728.24196,0.00463
3727.27760,0.00498
3726.31323,0.00534
3725.34886,0.00550
3724.38450,0.00546
3723.42013,0.00542
3722.45576,0.00549
3721.49140,0.00554
3720.52703,0.00542
3719.56266,0.00524
3718.59830,0.00521
3717.63393,0.00535
3716.66956,0.00554
3715.70520,0.00571
3714.74083,0.00582
3713.77646,0.00590
3712.81210,0.00593
3711.84773,0.00587
3710.88336,0.00574
3709.91900,0.00570
3708.95463,0.00591
3707.99026,0.00625
3707.02589,0.00648
3706.06153,0.00657
3705.09716,0.00655
3704.13279,0.00654
3703.16843,0.00654
3702.20406,0.00662
3701.23969,0.00675
3700.27533,0.00691
3699.31096,0.00713
3698.34659,0.00743
3697.38223,0.00777
3696.41786,0.00795
3695.45349,0.00802
3694.48913,0.00792
3693.52476,0.00792
3692.56039,0.00805
3691.59603,0.00834
3690.63166,0.00849
3689.66729,0.00853
3688.70293,0.00848
3687.73856,0.00860
3686.77419,0.00885
3685.80983,0.00923
3684.84546,0.00950
3683.88109,0.00959
3682.91673,0.00947
3681.95236,0.00934
3680.98799,0.00935
3680.02363,0.00954
3679.05926,0.00979
3678.09489,0.01011
3677.13052,0.01052
3676.16616,0.01095
3675.20179,0.01122
3674.23742,0.01131
3673.27306,0.01141
3672.30869,0.01164
3671.34432,0.01198
3670.37996,0.01229
3669.41559,0.01252
3668.45122,0.01262
3667.48686,0.01265
3666.52249,0.01271
3665.55812,0.01291
3664.59376,0.01325
3663.62939,0.01366
3662.66502,0.01405
3661.70066,0.01435
3660.73629,0.01450
3659.77192,0.01449
3658.80756,0.01449
3657.84319,0.01467
3656.87882,0.01511
3655.91446,0.01570
3654.95009,0.01624
3653.98572,0.01659
3653.02136,0.01677
3652.05699,0.01681
3651.09262,0.01679
3650.12826,0.01678
3649.16389,0.01694
3648.19952,0.01734
3647.23515,0.01796
3646.27079,0.01861
3645.30642,0.01909
3644.34205,0.01932
3643.37769,0.01944
3642.41332,0.01961
3641.44895,0.01988
3640.48459,0.02018
3639.52022,0.02045
3638.55585,0.02063
3637.59149,0.02066
3636.62712,0.02061
3635.66275,0.02064
3634.69839,0.02090
3633.73402,0.02136
3632.76965,0.02188
3631.80529,0.02220
3630.84092,0.02225
3629.87655,0.02218
3628.91219,0.02221
3627.94782,0.02251
3626.98345,0.02300
3626.01909,0.02350
3625.05472,0.02391
3624.09035,0.02419
3623.12599,0.02437
3622.16162,0.02453
3621.19725,0.02466
3620.23288,0.02481
3619.26852,0.02505
3618.30415,0.02537
3617.33978,0.02571
3616.37542,0.02601
3615.41105,0.02625
3614.44668,0.02651
3613.48232,0.02686
3612.51795,0.02726
3611.55358,0.02758
3610.58922,0.02770
3609.62485,0.02756
3608.66048,0.02731
3607.69612,0.02723
3606.73175,0.02743
3605.76738,0.02787
3604.80302,0.02834
3603.83865,0.02871
3602.87428,0.02892
3601.90992,0.02913
3600.94555,0.02939
3599.98118,0.02965
3599.01682,0.02985
3598.05245,0.03001
3597.08808,0.03037
3596.12372,0.03086
3595.15935,0.03126
3594.19498,0.03133
3593.23062,0.03127
3592.26625,0.03126
3591.30188,0.03134
3590.33751,0.03136
3589.37315,0.03140
3588.40878,0.03154
3587.44441,0.03184
3586.48005,0.03235
3585.51568,0.03301
3584.55131,0.03372
3583.58695,0.03429
3582.62258,0.03462
3581.65821,0.03476
3580.69385,0.03484
3579.72948,0.03488
3578.76511,0.03489
3577.80075,0.03486
3576.83638,0.03497
3575.87201,0.03531
3574.90765,0.03566
3573.94328,0.03586
3572.97891,0.03599
3572.01455,0.03625
3571.05018,0.03663
3570.08581,0.03711
3569.12145,0.03748
3568.15708,0.03758
3567.19271,0.03751
3566.22835,0.03770
3565.26398,0.03832
3564.29961,0.03906
3563.33524,0.03960
3562.37088,0.03990
3561.40651,0.04006
3560.44214,0.04019
3559.47778,0.04034
3558.51341,0.04057
3557.54904,0.04089
3556.58468,0.04117
3555.62031,0.04126
3554.65594,0.04128
3553.69158,0.04148
3552.72721,0.04185
3551.76284,0.04218
3550.79848,0.04244
3549.83411,0.04282
3548.86974,0.04329
3547.90538,0.04362
3546.94101,0.04376
3545.97664,0.04387
3545.01228,0.04411
3544.04791,0.04442
3543.08354,0.04461
3542.11918,0.04466
3541.15481,0.04477
3540.19044,0.04494
3539.22608,0.04512
3538.26171,0.04540
3537.29734,0.04586
3536.33298,0.04628
3535.36861,0.04646
3534.40424,0.04652
3533.43987,0.04667
3532.47551,0.04690
3531.51114,0.04703
3530.54677,0.04712
3529.58241,0.04737
3528.61804,0.04774
3527.65367,0.04801
3526.68931,0.04818
3525.72494,0.04841
3524.76057,0.04877
3523.79621,0.04925
3522.83184,0.04971
3521.86747,0.04998
3520.90311,0.05007
3519.93874,0.05010
3518.97437,0.05022
3518.01001,0.05052
3517.04564,0.05101
3516.08127,0.05139
3515.11691,0.05139
3514.15254,0.05120
3513.18817,0.05125
3512.22381,0.05158
3511.25944,0.05196
3510.29507,0.05227
3509.33071,0.05252
3508.36634,0.05269
3507.40197,0.05287
3506.43761,0.05319
3505.47324,0.05361
3504.50887,0.05398
3503.54450,0.05429
3502.58014,0.05445
3501.61577,0.05443
3500.65140,0.05445
3499.68704,0.05468
3498.72267,0.05495
3497.75830,0.05509
3496.79394,0.05521
3495.82957,0.05545
3494.86520,0.05583
3493.90084,0.05630
3492.93647,0.05670
3491.97210,0.05695
3491.00774,0.05716
3490.04337,0.05744
3489.07900,0.05767
3488.11464,0.05775
3487.15027,0.05778
3486.18590,0.05796
3485.22154,0.05838
3484.25717,0.05897
3483.29280,0.05944
3482.32844,0.05957
3481.36407,0.05944
3480.39970,0.05928
3479.43534,0.05935
3478.47097,0.05974
3477.50660,0.06016
3476.54223,0.06039
3475.57787,0.06048
3474.61350,0.06049
3473.64913,0.06048
3472.68477,0.06053
3471.72040,0.06071
3470.75603,0.06095
3469.79167,0.06111
3468.82730,0.06111
3467.86293,0.06106
3466.89857,0.06118
3465.93420,0.06153
3464.96983,0.06190
3464.00547,0.06206
3463.04110,0.06203
3462.07673,0.06191
3461.11237,0.06181
3460.14800,0.06191
3459.18363,0.06225
3458.21927,0.06266
3457.25490,0.06286
3456.29053,0.06277
3455.32617,0.06260
3454.36180,0.06268
3453.39743,0.06301
3452.43307,0.06333
3451.46870,0.06341
3450.50433,0.06336
3449.53997,0.06328
3448.57560,0.06313
3447.61123,0.06299
3446.64686,0.06294
3445.68250,0.06301
3444.71813,0.06323
3443.75376,0.06341
3442.78940,0.06343
3441.82503,0.06329
3440.86066,0.06303
3439.89630,0.06276
3438.93193,0.06275
3437.96756,0.06310
3437.00320,0.06363
3436.03883,0.06412
3435.07446,0.06436
3434.11010,0.06424
3433.14573,0.06391
3432.18136,0.06376
3431.21700,0.06391
3430.25263,0.06416
3429.28826,0.06435
3428.32390,0.06438
3427.35953,0.06430
3426.39516,0.06425
3425.43080,0.06434
3424.46643,0.06455
3423.50206,0.06474
3422.53770,0.06479
3421.57333,0.06480
3420.60896,0.06481
3419.64460,0.06476
3418.68023,0.06470
3417.71586,0.06471
3416.75149,0.06479
3415.78713,0.06499
3414.82276,0.06523
3413.85839,0.06533
3412.89403,0.06517
3411.92966,0.06489
3410.96529,0.06477
3410.00093,0.06478
3409.03656,0.06480
3408.07219,0.06486
3407.10783,0.06499
3406.14346,0.06512
3405.17909,0.06528
3404.21473,0.06538
3403.25036,0.06533
3402.28599,0.06513
3401.32163,0.06494
3400.35726,0.06493
3399.39289,0.06505
3398.42853,0.06510
3397.46416,0.06522
3396.49979,0.06536
3395.53543,0.06524
3394.57106,0.06496
3393.60669,0.06484
3392.64233,0.06488
3391.67796,0.06492
3390.71359,0.06489
3389.74922,0.06487
3388.78486,0.06493
3387.82049,0.06501
3386.85612,0.06508
3385.89176,0.06503
3384.92739,0.06476
3383.96302,0.06444
3382.99866,0.06431
3382.03429,0.06437
3381.06992,0.06445
3380.10556,0.06447
3379.14119,0.06451
3378.17682,0.06458
3377.21246,0.06453
3376.24809,0.06440
3375.28372,0.06432
3374.31936,0.06423
3373.35499,0.06409
3372.39062,0.06401
3371.42626,0.06400
3370.46189,0.06393
3369.49752,0.06380
3368.53316,0.06375
3367.56879,0.06382
3366.60442,0.06377
3365.64006,0.06346
3364.67569,0.06320
3363.71132,0.06319
3362.74696,0.06326
3361.78259,0.06325
3360.81822,0.06315
3359.85385,0.06293
3358.88949,0.06263
3357.92512,0.06233
3356.96075,0.06218
3355.99639,0.06220
3355.03202,0.06219
3354.06765,0.06208
3353.10329,0.06198
3352.13892,0.06195
3351.17455,0.06202
3350.21019,0.06210
3349.24582,0.06203
3348.28145,0.06178
3347.31709,0.06152
3346.35272,0.06139
3345.38835,0.06127
3344.42399,0.06109
3343.45962,0.06094
3342.49525,0.06086
3341.53089,0.06070
3340.56652,0.06049
3339.60215,0.06041
3338.63779,0.06044
3337.67342,0.06037
3336.70905,0.06010
3335.74469,0.05983
3334.78032,0.05982
3333.81595,0.05997
3332.85159,0.06000
3331.88722,0.05992
3330.92285,0.05990
3329.95848,0.05993
3328.99412,0.05988
3328.02975,0.05968
3327.06538,0.05942
3326.10102,0.05921
3325.13665,0.05902
3324.17228,0.05881
3323.20792,0.05863
3322.24355,0.05848
3321.27918,0.05840
3320.31482,0.05845
3319.35045,0.05858
3318.38608,0.05855
3317.42172,0.05827
3316.45735,0.05802
3315.49298,0.05796
3314.52862,0.05792
3313.56425,0.05778
3312.59988,0.05761
3311.63552,0.05748
3310.67115,0.05744
3309.70678,0.05748
3308.74242,0.05746
3307.77805,0.05734
3306.81368,0.05727
3305.84932,0.05718
3304.88495,0.05695
3303.92058,0.05678
3302.95621,0.05681
3301.99185,0.05693
3301.02748,0.05690
3300.06311,0.05668
3299.09875,0.05648
3298.13438,0.05628
3297.17001,0.05589
3296.20565,0.05554
3295.24128,0.05548
3294.27691,0.05565
3293.31255,0.05576
3292.34818,0.05560
3291.38381,0.05530
3290.41945,0.05517
3289.45508,0.05527
3288.49071,0.05537
3287.52635,0.05526
3286.56198,0.05500
3285.59761,0.05480
3284.63325,0.05466
3283.66888,0.05449
3282.70451,0.05437
3281.74015,0.05434
3280.77578,0.05438
3279.81141,0.05446
3278.84705,0.05447
3277.88268,0.05426
3276.91831,0.05396
3275.95395,0.05379
3274.98958,0.05374
3274.02521,0.05365
3273.06084,0.05346
3272.09648,0.05331
3271.13211,0.05323
3270.16774,0.05312
3269.20338,0.05298
3268.23901,0.05286
3267.27464,0.05280
3266.31028,0.05273
3265.34591,0.05245
3264.38154,0.05206
3263.41718,0.05190
3262.45281,0.05193
3261.48844,0.05186
3260.52408,0.05162
3259.55971,0.05128
3258.59534,0.05094
3257.63098,0.05075
3256.66661,0.05076
3255.70224,0.05081
3254.73788,0.05080
3253.77351,0.05080
3252.80914,0.05077
3251.84478,0.05060
3250.88041,0.05034
3249.91604,0.05011
3248.95168,0.04995
3247.98731,0.04984
3247.02294,0.04981
3246.05858,0.04982
3245.09421,0.04968
3244.12984,0.04935
3243.16547,0.04902
3242.20111,0.04878
3241.23674,0.04868
3240.27237,0.04881
3239.30801,0.04890
3238.34364,0.04863
3237.37927,0.04825
3236.41491,0.04808
3235.45054,0.04807
3234.48617,0.04809
3233.52181,0.04806
3232.55744,0.04788
3231.59307,0.04766
3230.62871,0.04753
3229.66434,0.04726
3228.69997,0.04685
3227.73561,0.04657
3226.77124,0.04652
3225.80687,0.04651
3224.84251,0.04625
3223.87814,0.04582
3222.91377,0.04553
3221.94941,0.04548
3220.98504,0.04545
3220.02067,0.04524
3219.05631,0.04486
3218.09194,0.04448
3217.12757,0.04429
3216.16320,0.04426
3215.19884,0.04427
3214.23447,0.04414
3213.27010,0.04385
3212.30574,0.04350
3211.34137,0.04319
3210.37700,0.04303
3209.41264,0.04303
3208.44827,0.04293
3207.48390,0.04259
3206.51954,0.04220
3205.55517,0.04192
3204.59080,0.04166
3203.62644,0.04134
3202.66207,0.04115
3201.69770,0.04119
3200.73334,0.04131
3199.76897,0.04126
3198.80460,0.04085
3197.84024,0.04025
3196.87587,0.03991
3195.91150,0.03991
3194.94714,0.03991
3193.98277,0.03981
3193.01840,0.03958
3192.05404,0.03927
3191.08967,0.03905
3190.12530,0.03886
3189.16094,0.03857
3188.19657,0.03824
3187.23220,0.03797
3186.26783,0.03774
3185.30347,0.03755
3184.33910,0.03745
3183.37473,0.03754
3182.41037,0.03760
3181.44600,0.03736
3180.48163,0.03696
3179.51727,0.03663
3178.55290,0.03638
3177.58853,0.03615
3176.62417,0.03590
3175.65980,0.03562
3174.69543,0.03540
3173.73107,0.03526
3172.76670,0.03513
3171.80233,0.03499
3170.83797,0.03477
3169.87360,0.03436
3168.90923,0.03391
3167.94487,0.03366
3166.98050,0.03358
3166.01613,0.03347
3165.05177,0.03320
3164.08740,0.03285
3163.12303,0.03262
3162.15867,0.03256
3161.19430,0.03243
3160.22993,0.03216
3159.26556,0.03190
3158.30120,0.03168
3157.33683,0.03138
3156.37246,0.03115
3155.40810,0.03106
3154.44373,0.03087
3153.47936,0.03054
3152.51500,0.03021
3151.55063,0.02998
3150.58626,0.02981
3149.62190,0.02960
3148.65753,0.02936
3147.69316,0.02918
3146.72880,0.02904
3145.76443,0.02883
3144.80006,0.02856
3143.83570,0.02836
3142.87133,0.02827
3141.90696,0.02821
3140.94260,0.02815
3139.97823,0.02807
3139.01386,0.02790
3138.04950,0.02751
3137.08513,0.02703
3136.12076,0.02669
3135.15640,0.02666
3134.19203,0.02677
3133.22766,0.02673
3132.26330,0.02647
3131.29893,0.02623
3130.33456,0.02608
3129.37019,0.02593
3128.40583,0.02575
3127.44146,0.02562
3126.47709,0.02544
3125.51273,0.02517
3124.54836,0.02490
3123.58399,0.02473
3122.61963,0.02455
3121.65526,0.02427
3120.69089,0.02403
3119.72653,0.02396
3118.76216,0.02404
3117.79779,0.02406
3116.83343,0.02388
3115.86906,0.02357
3114.90469,0.02327
3113.94033,0.02308
3112.97596,0.02305
3112.01159,0.02319
3111.04723,0.02330
3110.08286,0.02320
3109.11849,0.02292
3108.15413,0.02269
3107.18976,0.02253
3106.22539,0.02236
3105.26103,0.02219
3104.29666,0.02211
3103.33229,0.02202
3102.36793,0.02192
3101.40356,0.02184
3100.43919,0.02169
3099.47482,0.02147
3098.51046,0.02125
3097.54609,0.02104
3096.58172,0.02092
3095.61736,0.02092
3094.65299,0.02101
3093.68862,0.02103
3092.72426,0.02094
3091.75989,0.02079
3090.79552,0.02065
3089.83116,0.02059
3088.86679,0.02060
3087.90242,0.02054
3086.93806,0.02035
3085.97369,0.02012
3085.00932,0.02004
3084.04496,0.02013
3083.08059,0.02020
3082.11622,0.02027
3081.15186,0.02036
3080.18749,0.02029
3079.22312,0.02015
3078.25876,0.02013
3077.29439,0.02016
3076.33002,0.02006
3075.36566,0.01990
3074.40129,0.01990
3073.43692,0.02001
3072.47255,0.02008
3071.50819,0.02014
3070.54382,0.02022
3069.57945,0.02021
3068.61509,0.02010
3067.65072,0.01996
3066.68635,0.01986
3065.72199,0.01985
3064.75762,0.01988
3063.79325,0.01979
3062.82889,0.01964
3061.86452,0.01960
3060.90015,0.01960
3059.93579,0.01950
3058.97142,0.01939
3058.00705,0.01929
3057.04269,0.01914
3056.07832,0.01904
3055.11395,0.01908
3054.14959,0.01911
3053.18522,0.01907
3052.22085,0.01901
3051.25649,0.01888
3050.29212,0.01876
3049.32775,0.01881
3048.36339,0.01900
3047.39902,0.01903
3046.43465,0.01885
3045.47029,0.01869
3044.50592,0.01880
3043.54155,0.01908
3042.57718,0.01927
3041.61282,0.01936
3040.64845,0.01953
3039.68408,0.01979
3038.71972,0.01997
3037.75535,0.01997
3036.79098,0.01993
3035.82662,0.02009
3034.86225,0.02042
3033.89788,0.02068
3032.93352,0.02091
3031.96915,0.02136
3031.00478,0.02203
3030.04042,0.02265
3029.07605,0.02318
3028.11168,0.02381
3027.14732,0.02472
3026.18295,0.02592
3025.21858,0.02721
3024.25422,0.02842
3023.28985,0.02963
3022.32548,0.03110
3021.36112,0.03308
3020.39675,0.03561
3019.43238,0.03841
3018.46802,0.04124
3017.50365,0.04413
3016.53928,0.04729
3015.57492,0.05075
3014.61055,0.05430
3013.64618,0.05762
3012.68181,0.06047
3011.71745,0.06285
3010.75308,0.06489
3009.78871,0.06637
3008.82435,0.06694
3007.85998,0.06670
3006.89561,0.06591
3005.93125,0.06458
3004.96688,0.06266
3004.00251,0.06029
3003.03815,0.05762
3002.07378,0.05490
3001.10941,0.05239
3000.14505,0.05004
2999.18068,0.04770
2998.21631,0.04554
2997.25195,0.04369
2996.28758,0.04215
2995.32321,0.04091
2994.35885,0.03989
2993.39448,0.03911
2992.43011,0.03864
2991.46575,0.03839
2990.50138,0.03834
2989.53701,0.03851
2988.57265,0.03884
2987.60828,0.03938
2986.64391,0.04015
2985.67954,0.04115
2984.71518,0.04234
2983.75081,0.04360
2982.78644,0.04488
2981.82208,0.04630
2980.85771,0.04796
2979.89334,0.05000
2978.92898,0.05249
2977.96461,0.05525
2977.00024,0.05814
2976.03588,0.06118
2975.07151,0.06453
2974.10714,0.06821
2973.14278,0.07225
2972.17841,0.07669
2971.21404,0.08159
2970.24968,0.08696
2969.28531,0.09289
2968.32094,0.09932
2967.35658,0.10606
2966.39221,0.11312
2965.42784,0.12056
2964.46348,0.12815
2963.49911,0.13567
2962.53474,0.14301
2961.57038,0.15010
2960.60601,0.15679
2959.64164,0.16286
2958.67728,0.16822
2957.71291,0.17285
2956.74854,0.17666
2955.78417,0.17957
2954.81981,0.18148
2953.85544,0.18220
2952.89107,0.18164
2951.92671,0.18010
2950.96234,0.17830
2949.99797,0.17683
2949.03361,0.17618
2948.06924,0.17681
2947.10487,0.17904
2946.14051,0.18293
2945.17614,0.18832
2944.21177,0.19501
2943.24741,0.20298
2942.28304,0.21242
2941.31867,0.22334
2940.35431,0.23548
2939.38994,0.24882
2938.42557,0.26346
2937.46121,0.27932
2936.49684,0.29616
2935.53247,0.31369
2934.56811,0.33159
2933.60374,0.34971
2932.63937,0.36796
2931.67501,0.38622
2930.71064,0.40447
2929.74627,0.42247
2928.78191,0.43958
2927.81754,0.45543
2926.85317,0.46988
2925.88880,0.48250
2924.92444,0.49283
2923.96007,0.50070
2922.99570,0.50607
2922.03134,0.50890
2921.06697,0.50934
2920.10260,0.50793
2919.13824,0.50529
2918.17387,0.50202
2917.20950,0.49828
2916.24514,0.49284
2915.28077,0.48297
2914.31640,0.46604
2913.35204,0.44208
2912.38767,0.41431
2911.42330,0.38669
2910.45894,0.36151
2909.49457,0.33939
2908.53020,0.32029
2907.56584,0.30378
2906.60147,0.28916
2905.63710,0.27599
2904.67274,0.26409
2903.70837,0.25341
2902.74400,0.24368
2901.77964,0.23459
2900.81527,0.22605
2899.85090,0.21804
2898.88653,0.21042
2897.92217,0.20311
2896.95780,0.19615
2895.99343,0.18951
2895.02907,0.18303
2894.06470,0.17658
2893.10033,0.17019
2892.13597,0.16399
2891.17160,0.15797
2890.20723,0.15216
2889.24287,0.14664
2888.27850,0.14145
2887.31413,0.13661
2886.34977,0.13216
2885.38540,0.12811
2884.42103,0.12450
2883.45667,0.12149
2882.49230,0.11923
2881.52793,0.11766
2880.56357,0.11676
2879.59920,0.11674
2878.63483,0.11794
2877.67047,0.12028
2876.70610,0.12358
2875.74173,0.12777
2874.77737,0.13263
2873.81300,0.13760
2872.84863,0.14193
2871.88427,0.14508
2870.91990,0.14695
2869.95553,0.14798
2868.99116,0.14892
2868.02680,0.15067
2867.06243,0.15397
2866.09806,0.15924
2865.13370,0.16667
2864.16933,0.17640
2863.20496,0.18852
2862.24060,0.20287
2861.27623,0.21900
2860.31186,0.23646
2859.34750,0.25505
2858.38313,0.27436
2857.41876,0.29352
2856.45440,0.31153
2855.49003,0.32756
2854.52566,0.34074
2853.56130,0.35012
2852.59693,0.35526
2851.63256,0.35610
2850.66820,0.35218
2849.70383,0.34219
2848.73946,0.32477
2847.77510,0.30016
2846.81073,0.27097
2845.84636,0.24084
2844.88200,0.21251
2843.91763,0.18723
2842.95326,0.16528
2841.98889,0.14666
2841.02453,0.13119
2840.06016,0.11839
2839.09579,0.10775
2838.13143,0.09888
2837.16706,0.09135
2836.20269,0.08482
2835.23833,0.07908
2834.27396,0.07396
2833.30959,0.06939
2832.34523,0.06539
2831.38086,0.06187
2830.41649,0.05857
2829.45213,0.05532
2828.48776,0.05224
2827.52339,0.04949
2826.55903,0.04695
2825.59466,0.04454
2824.63029,0.04236
2823.66593,0.04045
2822.70156,0.03872
2821.73719,0.03705
2820.77283,0.03550
2819.80846,0.03414
2818.84409,0.03291
2817.87973,0.03171
2816.91536,0.03051
2815.95099,0.02934
2814.98663,0.02827
2814.02226,0.02737
2813.05789,0.02658
2812.09352,0.02576
2811.12916,0.02488
2810.16479,0.02404
2809.20042,0.02326
2808.23606,0.02252
2807.27169,0.02189
2806.30732,0.02135
2805.34296,0.02077
2804.37859,0.02018
2803.41422,0.01967
2802.44986,0.01929
2801.48549,0.01899
2800.52112,0.01866
2799.55676,0.01818
2798.59239,0.01760
2797.62802,0.01709
2796.66366,0.01676
2795.69929,0.01654
2794.73492,0.01630
2793.77056,0.01600
2792.80619,0.01565
2791.84182,0.01529
2790.87746,0.01500
2789.91309,0.01474
2788.94872,0.01452
2787.98436,0.01431
2787.01999,0.01397
2786.05562,0.01355
2785.09126,0.01322
2784.12689,0.01299
2783.16252,0.01270
2782.19815,0.01237
2781.23379,0.01213
2780.26942,0.01200
2779.30505,0.01184
2778.34069,0.01161
2777.37632,0.01140
2776.41195,0.01124
2775.44759,0.01106
2774.48322,0.01090
2773.51885,0.01081
2772.55449,0.01069
2771.59012,0.01050
2770.62575,0.01032
2769.66139,0.01025
2768.69702,0.01023
2767.73265,0.01012
2766.76829,0.00991
2765.80392,0.00968
2764.83955,0.00952
2763.87519,0.00949
2762.91082,0.00948
2761.94645,0.00941
2760.98209,0.00939
2760.01772,0.00946
2759.05335,0.00952
2758.08899,0.00947
2757.12462,0.00931
2756.16025,0.00912
2755.19588,0.00899
2754.23152,0.00892
2753.26715,0.00884
2752.30278,0.00876
2751.33842,0.00872
2750.37405,0.00872
2749.40968,0.00874
2748.44532,0.00876
2747.48095,0.00884
2746.51658,0.00891
2745.55222,0.00893
2744.58785,0.00893
2743.62348,0.00893
2742.65912,0.00892
2741.69475,0.00884
2740.73038,0.00872
2739.76602,0.00862
2738.80165,0.00860
2737.83728,0.00858
2736.87292,0.00854
2735.90855,0.00858
2734.94418,0.00874
2733.97982,0.00894
2733.01545,0.00912
2732.05108,0.00927
2731.08672,0.00931
2730.12235,0.00919
2729.15798,0.00901
2728.19362,0.00886
2727.22925,0.00873
2726.26488,0.00873
2725.30051,0.00878
2724.33615,0.00871
2723.37178,0.00856
2722.40741,0.00848
2721.44305,0.00841
2720.47868,0.00827
2719.51431,0.00813
2718.54995,0.00804
2717.58558,0.00803
2716.62121,0.00804
2715.65685,0.00798
2714.69248,0.00790
2713.72811,0.00790
2712.76375,0.00792
2711.79938,0.00788
2710.83501,0.00780
2709.87065,0.00769
2708.90628,0.00756
2707.94191,0.00749
2706.97755,0.00745
2706.01318,0.00736
2705.04881,0.00734
2704.08445,0.00744
2703.12008,0.00751
2702.15571,0.00755
2701.19135,0.00762
2700.22698,0.00761
2699.26261,0.00748
2698.29825,0.00742
2697.33388,0.00748
2696.36951,0.00754
2695.40514,0.00756
2694.44078,0.00755
2693.47641,0.00757
2692.51204,0.00767
2691.54768,0.00780
2690.58331,0.00786
2689.61894,0.00786
2688.65458,0.00792
2687.69021,0.00803
2686.72584,0.00806
2685.76148,0.00804
2684.79711,0.00806
2683.83274,0.00808
2682.86838,0.00803
2681.90401,0.00798
2680.93964,0.00806
2679.97528,0.00822
2679.01091,0.00831
2678.04654,0.00822
2677.08218,0.00812
2676.11781,0.00811
2675.15344,0.00811
2674.18908,0.00806
2673.22471,0.00802
2672.26034,0.00798
2671.29598,0.00793
2670.33161,0.00792
2669.36724,0.00790
2668.40287,0.00786
2667.43851,0.00781
2666.47414,0.00776
2665.50977,0.00771
2664.54541,0.00768
2663.58104,0.00766
2662.61667,0.00766
2661.65231,0.00765
2660.68794,0.00754
2659.72357,0.00741
2658.75921,0.00732
2657.79484,0.00729
2656.83047,0.00726
2655.86611,0.00712
2654.90174,0.00691
2653.93737,0.00684
2652.97301,0.00689
2652.00864,0.00689
2651.04427,0.00682
2650.07991,0.00675
2649.11554,0.00670
2648.15117,0.00661
2647.18681,0.00648
2646.22244,0.00640
2645.25807,0.00639
2644.29371,0.00637
2643.32934,0.00633
2642.36497,0.00631
2641.40061,0.00633
2640.43624,0.00637
2639.47187,0.00640
2638.50750,0.00636
2637.54314,0.00626
2636.57877,0.00618
2635.61440,0.00617
2634.65004,0.00620
2633.68567,0.00622
2632.72130,0.00625
2631.75694,0.00626
2630.79257,0.00623
2629.82820,0.00616
2628.86384,0.00607
2627.89947,0.00598
2626.93510,0.00587
2625.97074,0.00575
2625.00637,0.00568
2624.04200,0.00562
2623.07764,0.00551
2622.11327,0.00539
2621.14890,0.00539
2620.18454,0.00544
2619.22017,0.00542
2618.25580,0.00534
2617.29144,0.00526
2616.32707,0.00517
2615.36270,0.00506
2614.39834,0.00492
2613.43397,0.00476
2612.46960,0.00474
2611.50524,0.00485
2610.54087,0.00491
2609.57650,0.00490
2608.61213,0.00497
2607.64777,0.00503
2606.68340,0.00497
2605.71903,0.00484
2604.75467,0.00473
2603.79030,0.00464
2602.82593,0.00461
2601.86157,0.00463
2600.89720,0.00464
2599.93283,0.00463
2598.96847,0.00461
2598.00410,0.00454
2597.03973,0.00444
2596.07537,0.00440
2595.11100,0.00440
2594.14663,0.00436
2593.18227,0.00434
2592.21790,0.00439
2591.25353,0.00436
2590.28917,0.00425
2589.32480,0.00421
2588.36043,0.00428
2587.39607,0.00432
2586.43170,0.00434
2585.46733,0.00432
2584.50297,0.00414
2583.53860,0.00397
2582.57423,0.00396
2581.60986,0.00401
2580.64550,0.00397
2579.68113,0.00393
2578.71676,0.00395
2577.75240,0.00396
2576.78803,0.00388
2575.82366,0.00383
2574.85930,0.00398
2573.89493,0.00416
2572.93056,0.00412
2571.96620,0.00402
2571.00183,0.00402
2570.03746,0.00404
2569.07310,0.00398
2568.10873,0.00381
2567.14436,0.00364
2566.18000,0.00359
2565.21563,0.00358
2564.25126,0.00352
2563.28690,0.00343
2562.32253,0.00339
2561.35816,0.00338
2560.39380,0.00341
2559.42943,0.00349
2558.46506,0.00348
2557.50070,0.00333
2556.53633,0.00322
2555.57196,0.00322
2554.60760,0.00321
2553.64323,0.00322
2552.67886,0.00336
2551.71449,0.00359
2550.75013,0.00376
2549.78576,0.00371
2548.82139,0.00347
2547.85703,0.00329
2546.89266,0.00334
2545.92829,0.00351
2544.96393,0.00353
2543.99956,0.00333
2543.03519,0.00319
2542.07083,0.00333
2541.10646,0.00357
2540.14209,0.00363
2539.17773,0.00350
2538.21336,0.00334
2537.24899,0.00320
2536.28463,0.00317
2535.32026,0.00330
2534.35589,0.00341
2533.39153,0.00341
2532.42716,0.00336
2531.46279,0.00331
2530.49843,0.00328
2529.53406,0.00335
2528.56969,0.00350
2527.60533,0.00364
2526.64096,0.00365
2525.67659,0.00352
2524.71223,0.00340
2523.74786,0.00338
2522.78349,0.00334
2521.81912,0.00319
2520.85476,0.00300
2519.89039,0.00297
2518.92602,0.00307
2517.96166,0.00306
2516.99729,0.00295
2516.03292,0.00303
2515.06856,0.00328
2514.10419,0.00337
2513.13982,0.00321
2512.17546,0.00294
2511.21109,0.00274
2510.24672,0.00268
2509.28236,0.00269
2508.31799,0.00282
2507.35362,0.00303
2506.38926,0.00312
2505.42489,0.00301
2504.46052,0.00293
2503.49616,0.00296
2502.53179,0.00299
2501.56742,0.00298
2500.60306,0.00298
2499.63869,0.00304
2498.67432,0.00310
2497.70996,0.00303
2496.74559,0.00284
2495.78122,0.00267
2494.81685,0.00264
2493.85249,0.00274
2492.88812,0.00285
2491.92375,0.00291
2490.95939,0.00294
2489.99502,0.00291
2489.03065,0.00280
2488.06629,0.00274
2487.10192,0.00270
2486.13755,0.00258
2485.17319,0.00250
2484.20882,0.00260
2483.24445,0.00281
2482.28009,0.00296
2481.31572,0.00303
2480.35135,0.00297
2479.38699,0.00278
2478.42262,0.00255
2477.45825,0.00242
2476.49389,0.00244
2475.52952,0.00255
2474.56515,0.00273
2473.60079,0.00289
2472.63642,0.00297
2471.67205,0.00298
2470.70769,0.00294
2469.74332,0.00285
2468.77895,0.00279
2467.81459,0.00282
2466.85022,0.00286
2465.88585,0.00284
2464.92148,0.00286
2463.95712,0.00293
2462.99275,0.00293
2462.02838,0.00285
2461.06402,0.00272
2460.09965,0.00262
2459.13528,0.00261
2458.17092,0.00267
2457.20655,0.00269
2456.24218,0.00259
2455.27782,0.00244
2454.31345,0.00240
2453.34908,0.00251
2452.38472,0.00262
2451.42035,0.00259
2450.45598,0.00252
2449.49162,0.00253
2448.52725,0.00262
2447.56288,0.00261
2446.59852,0.00253
2445.63415,0.00252
2444.66978,0.00264
2443.70542,0.00278
2442.74105,0.00291
2441.77668,0.00294
2440.81232,0.00283
2439.84795,0.00276
2438.88358,0.00279
2437.91921,0.00278
2436.95485,0.00272
2435.99048,0.00266
2435.02611,0.00259
2434.06175,0.00256
2433.09738,0.00264
2432.13301,0.00276
2431.16865,0.00287
2430.20428,0.00294
2429.23991,0.00294
2428.27555,0.00288
2427.31118,0.00285
2426.34681,0.00287
2425.38245,0.00285
2424.41808,0.00273
2423.45371,0.00268
2422.48935,0.00283
2421.52498,0.00299
2420.56061,0.00296
2419.59625,0.00281
2418.63188,0.00273
2417.66751,0.00274
2416.70315,0.00276
2415.73878,0.00278
2414.77441,0.00281
2413.81005,0.00273
2412.84568,0.00261
2411.88131,0.00266
2410.91695,0.00280
2409.95258,0.00287
2408.98821,0.00289
2408.02384,0.00292
2407.05948,0.00296
2406.09511,0.00293
2405.13074,0.00276
2404.16638,0.00263
2403.20201,0.00269
2402.23764,0.00291
2401.27328,0.00308
2400.30891,0.00310
2399.34454,0.00282
2398.38018,0.00257
2397.41581,0.00250
2396.45144,0.00257
2395.48708,0.00273
2394.52271,0.00289
2393.55834,0.00299
2392.59398,0.00300
2391.62961,0.00298
2390.66524,0.00299
2389.70088,0.00303
2388.73651,0.00311
2387.77214,0.00325
2386.80778,0.00343
2385.84341,0.00362
2384.87904,0.00377
2383.91468,0.00386
2382.95031,0.00385
2381.98594,0.00379
2381.02158,0.00379
2380.05721,0.00377
2379.09284,0.00371
2378.12847,0.00370
2377.16411,0.00371
2376.19974,0.00365
2375.23537,0.00355
2374.27101,0.00367
2373.30664,0.00367
2372.34227,0.00364
2371.37791,0.00396
2370.41354,0.00432
2369.44917,0.00438
2368.48481,0.00420
2367.52044,0.00398
2366.55607,0.00407
2365.59171,0.00413
2364.62734,0.00394
2363.66297,0.00363
2362.69861,0.00350
2361.73424,0.00395
2360.76987,0.00457
2359.80551,0.00451
2358.84114,0.00403
2357.87677,0.00364
2356.91241,0.00353
2355.94804,0.00351
2354.98367,0.00357
2354.01931,0.00390
2353.05494,0.00401
2352.09057,0.00422
2351.12620,0.00527
2350.16184,0.00696
2349.19747,0.00810
2348.23310,0.00721
2347.26874,0.00516
2346.30437,0.00372
2345.34000,0.00362
2344.37564,0.00420
2343.41127,0.00489
2342.44690,0.00466
2341.48254,0.00442
2340.51817,0.00470
2339.55380,0.00491
2338.58944,0.00549
2337.62507,0.00571
2336.66070,0.00579
2335.69634,0.00537
2334.73197,0.00543
2333.76760,0.00558
2332.80324,0.00521
2331.83887,0.00464
2330.87450,0.00415
2329.91014,0.00465
2328.94577,0.00481
2327.98140,0.00528
2327.01704,0.00555
2326.05267,0.00602
2325.08830,0.00538
2324.12394,0.00504
2323.15957,0.00442
2322.19520,0.00474
2321.23083,0.00416
2320.26647,0.00416
2319.30210,0.00379
2318.33773,0.00422
2317.37337,0.00401
2316.40900,0.00433
2315.44463,0.00421
2314.48027,0.00445
2313.51590,0.00413
2312.55153,0.00413
2311.58717,0.00369
2310.62280,0.00362
2309.65843,0.00393
2308.69407,0.00408
2307.72970,0.00437
2306.76533,0.00397
2305.80097,0.00417
2304.83660,0.00396
2303.87223,0.00426
2302.90787,0.00407
2301.94350,0.00402
2300.97913,0.00390
2300.01477,0.00395
2299.05040,0.00415
2298.08603,0.00400
2297.12167,0.00410
2296.15730,0.00392
2295.19293,0.00409
2294.22857,0.00415
2293.26420,0.00413
2292.29983,0.00409
2291.33546,0.00398
2290.37110,0.00401
2289.40673,0.00387
2288.44236,0.00387
2287.47800,0.00381
2286.51363,0.00373
2285.54926,0.00379
2284.58490,0.00387
2283.62053,0.00392
2282.65616,0.00383
2281.69180,0.00373
2280.72743,0.00361
2279.76306,0.00357
2278.79870,0.00370
2277.83433,0.00382
2276.86996,0.00369
2275.90560,0.00345
2274.94123,0.00323
2273.97686,0.00317
2273.01250,0.00336
2272.04813,0.00342
2271.08376,0.00339
2270.11940,0.00331
2269.15503,0.00335
2268.19066,0.00330
2267.22630,0.00330
2266.26193,0.00338
2265.29756,0.00344
2264.33319,0.00338
2263.36883,0.00321
2262.40446,0.00331
2261.44009,0.00334
2260.47573,0.00340
2259.51136,0.00330
2258.54699,0.00331
2257.58263,0.00319
2256.61826,0.00333
2255.65389,0.00336
2254.68953,0.00361
2253.72516,0.00369
2252.76079,0.00377
2251.79643,0.00356
2250.83206,0.00346
2249.86769,0.00336
2248.90333,0.00359
2247.93896,0.00375
2246.97459,0.00365
2246.01023,0.00339
2245.04586,0.00320
2244.08149,0.00315
2243.11713,0.00328
2242.15276,0.00339
2241.18839,0.00328
2240.22403,0.00314
2239.25966,0.00308
2238.29529,0.00307
2237.33093,0.00319
2236.36656,0.00335
2235.40219,0.00332
2234.43782,0.00309
2233.47346,0.00279
2232.50909,0.00268
2231.54472,0.00288
2230.58036,0.00312
2229.61599,0.00314
2228.65162,0.00304
2227.68726,0.00303
2226.72289,0.00313
2225.75852,0.00327
2224.79416,0.00327
2223.82979,0.00308
2222.86542,0.00308
2221.90106,0.00337
2220.93669,0.00353
2219.97232,0.00336
2219.00796,0.00313
2218.04359,0.00301
2217.07922,0.00298
2216.11486,0.00313
2215.15049,0.00336
2214.18612,0.00338
2213.22176,0.00322
2212.25739,0.00311
2211.29302,0.00325
2210.32866,0.00346
2209.36429,0.00347
2208.39992,0.00340
2207.43556,0.00339
2206.47119,0.00337
2205.50682,0.00338
2204.54245,0.00333
2203.57809,0.00307
2202.61372,0.00273
2201.64935,0.00262
2200.68499,0.00277
2199.72062,0.00290
2198.75625,0.00287
2197.79189,0.00295
2196.82752,0.00320
2195.86315,0.00333
2194.89879,0.00331
2193.93442,0.00325
2192.97005,0.00312
2192.00569,0.00289
2191.04132,0.00278
2190.07695,0.00293
2189.11259,0.00313
2188.14822,0.00303
2187.18385,0.00278
2186.21949,0.00273
2185.25512,0.00295
2184.29075,0.00314
2183.32639,0.00302
2182.36202,0.00282
2181.39765,0.00300
2180.43329,0.00325
2179.46892,0.00317
2178.50455,0.00302
2177.54018,0.00307
2176.57582,0.00321
2175.61145,0.00325
2174.64708,0.00318
2173.68272,0.00317
2172.71835,0.00322
2171.75398,0.00320
2170.78962,0.00302
2169.82525,0.00293
2168.86088,0.00320
2167.89652,0.00361
2166.93215,0.00380
2165.96778,0.00379
2165.00342,0.00364
2164.03905,0.00332
2163.07468,0.00294
2162.11032,0.00273
2161.14595,0.00281
2160.18158,0.00276
2159.21722,0.00254
2158.25285,0.00266
2157.28848,0.00297
2156.32412,0.00315
2155.35975,0.00321
2154.39538,0.00300
2153.43102,0.00257
2152.46665,0.00243
2151.50228,0.00259
2150.53792,0.00281
2149.57355,0.00315
2148.60918,0.00360
2147.64481,0.00401
2146.68045,0.00424
2145.71608,0.00407
2144.75171,0.00361
2143.78735,0.00339
2142.82298,0.00350
2141.85861,0.00368
2140.89425,0.00392
2139.92988,0.00406
2138.96551,0.00383
2138.00115,0.00345
2137.03678,0.00337
2136.07241,0.00359
2135.10805,0.00373
2134.14368,0.00359
2133.17931,0.00341
2132.21495,0.00353
2131.25058,0.00385
2130.28621,0.00394
2129.32185,0.00377
2128.35748,0.00369
2127.39311,0.00384
2126.42875,0.00392
2125.46438,0.00393
2124.50001,0.00400
2123.53565,0.00399
2122.57128,0.00387
2121.60691,0.00377
2120.64254,0.00374
2119.67818,0.00374
2118.71381,0.00370
2117.74944,0.00369
2116.78508,0.00365
2115.82071,0.00357
2114.85634,0.00361
2113.89198,0.00385
2112.92761,0.00411
2111.96324,0.00425
2110.99888,0.00427
2110.03451,0.00420
2109.07014,0.00410
2108.10578,0.00400
2107.14141,0.00393
2106.17704,0.00393
2105.21268,0.00401
2104.24831,0.00405
2103.28394,0.00405
2102.31958,0.00411
2101.35521,0.00419
2100.39084,0.00433
2099.42648,0.00444
2098.46211,0.00443
2097.49774,0.00428
2096.53338,0.00411
2095.56901,0.00406
2094.60464,0.00421
2093.64028,0.00444
2092.67591,0.00452
2091.71154,0.00446
2090.74717,0.00438
2089.78281,0.00431
2088.81844,0.00416
2087.85407,0.00398
2086.88971,0.00389
2085.92534,0.00389
2084.96097,0.00391
2083.99661,0.00394
2083.03224,0.00396
2082.06787,0.00397
2081.10351,0.00402
2080.13914,0.00403
2079.17477,0.00406
2078.21041,0.00424
2077.24604,0.00446
2076.28167,0.00452
2075.31731,0.00449
2074.35294,0.00441
2073.38857,0.00429
2072.42421,0.00423
2071.45984,0.00426
2070.49547,0.00436
2069.53111,0.00452
2068.56674,0.00470
2067.60237,0.00476
2066.63801,0.00464
2065.67364,0.00436
2064.70927,0.00416
2063.74491,0.00416
2062.78054,0.00428
2061.81617,0.00439
2060.85180,0.00436
2059.88744,0.00412
2058.92307,0.00389
2057.95870,0.00395
2056.99434,0.00422
2056.02997,0.00434
2055.06560,0.00428
2054.10124,0.00434
2053.13687,0.00453
2052.17250,0.00458
2051.20814,0.00439
2050.24377,0.00413
2049.27940,0.00402
2048.31504,0.00403
2047.35067,0.00400
2046.38630,0.00395
2045.42194,0.00413
2044.45757,0.00450
2043.49320,0.00466
2042.52884,0.00446
2041.56447,0.00419
2040.60010,0.00401
2039.63574,0.00376
2038.67137,0.00341
2037.70700,0.00320
2036.74264,0.00316
2035.77827,0.00322
2034.81390,0.00341
2033.84953,0.00360
2032.88517,0.00377
2031.92080,0.00398
2030.95643,0.00405
2029.99207,0.00387
2029.02770,0.00358
2028.06333,0.00337
2027.09897,0.00338
2026.13460,0.00350
2025.17023,0.00352
2024.20587,0.00348
2023.24150,0.00341
2022.27713,0.00330
2021.31277,0.00332
2020.34840,0.00362
2019.38403,0.00396
2018.41967,0.00399
2017.45530,0.00379
2016.49093,0.00365
2015.52657,0.00351
2014.56220,0.00336
2013.59783,0.00339
2012.63347,0.00364
2011.66910,0.00382
2010.70473,0.00378
2009.74037,0.00369
2008.77600,0.00364
2007.81163,0.00351
2006.84727,0.00328
2005.88290,0.00316
2004.91853,0.00320
2003.95416,0.00329
2002.98980,0.00327
2002.02543,0.00297
2001.06106,0.00260
2000.09670,0.00262
1999.13233,0.00303
1998.16796,0.00340
1997.20360,0.00344
1996.23923,0.00328
1995.27486,0.00310
1994.31050,0.00291
1993.34613,0.00278
1992.38176,0.00281
1991.41740,0.00302
1990.45303,0.00326
1989.48866,0.00340
1988.52430,0.00344
1987.55993,0.00336
1986.59556,0.00314
1985.63120,0.00298
1984.66683,0.00309
1983.70246,0.00329
1982.73810,0.00331
1981.77373,0.00323
1980.80936,0.00327
1979.84500,0.00332
1978.88063,0.00318
1977.91626,0.00277
1976.95190,0.00237
1975.98753,0.00228
1975.02316,0.00249
1974.05879,0.00285
1973.09443,0.00319
1972.13006,0.00320
1971.16569,0.00293
1970.20133,0.00283
1969.23696,0.00296
1968.27259,0.00296
1967.30823,0.00285
1966.34386,0.00282
1965.37949,0.00275
1964.41513,0.00261
1963.45076,0.00254
1962.48639,0.00260
1961.52203,0.00268
1960.55766,0.00265
1959.59329,0.00254
1958.62893,0.00258
1957.66456,0.00287
1956.70019,0.00316
1955.73583,0.00324
1954.77146,0.00320
1953.80709,0.00319
1952.84273,0.00316
1951.87836,0.00301
1950.91399,0.00283
1949.94963,0.00283
1948.98526,0.00300
1948.02089,0.00316
1947.05652,0.00323
1946.09216,0.00325
1945.12779,0.00324
1944.16342,0.00320
1943.19906,0.00314
1942.23469,0.00316
1941.27032,0.00325
1940.30596,0.00327
1939.34159,0.00315
1938.37722,0.00306
1937.41286,0.00315
1936.44849,0.00327
1935.48412,0.00325
1934.51976,0.00320
1933.55539,0.00320
1932.59102,0.00323
1931.62666,0.00331
1930.66229,0.00340
1929.69792,0.00338
1928.73356,0.00325
1927.76919,0.00318
1926.80482,0.00318
1925.84046,0.00318
1924.87609,0.00321
1923.91172,0.00333
1922.94736,0.00341
1921.98299,0.00336
1921.01862,0.00329
1920.05426,0.00328
1919.08989,0.00320
1918.12552,0.00306
1917.16115,0.00307
1916.19679,0.00317
1915.23242,0.00318
1914.26805,0.00310
1913.30369,0.00304
1912.33932,0.00303
1911.37495,0.00309
1910.41059,0.00324
1909.44622,0.00335
1908.48185,0.00339
1907.51749,0.00340
1906.55312,0.00343
1905.58875,0.00343
1904.62439,0.00340
1903.66002,0.00333
1902.69565,0.00321
1901.73129,0.00312
1900.76692,0.00313
1899.80255,0.00322
1898.83819,0.00333
1897.87382,0.00341
1896.90945,0.00342
1895.94509,0.00337
1894.98072,0.00333
1894.01635,0.00335
1893.05199,0.00343
1892.08762,0.00354
1891.12325,0.00361
1890.15889,0.00357
1889.19452,0.00347
1888.23015,0.00342
1887.26578,0.00346
1886.30142,0.00353
1885.33705,0.00359
1884.37268,0.00366
1883.40832,0.00370
1882.44395,0.00370
1881.47958,0.00367
1880.51522,0.00365
1879.55085,0.00362
1878.58648,0.00355
1877.62212,0.00352
1876.65775,0.00355
1875.69338,0.00360
1874.72902,0.00364
1873.76465,0.00365
1872.80028,0.00360
1871.83592,0.00349
1870.87155,0.00342
1869.90718,0.00351
1868.94282,0.00370
1867.97845,0.00383
1867.01408,0.00384
1866.04972,0.00377
1865.08535,0.00371
1864.12098,0.00369
1863.15662,0.00370
1862.19225,0.00370
1861.22788,0.00367
1860.26351,0.00365
1859.29915,0.00367
1858.33478,0.00374
1857.37041,0.00384
1856.40605,0.00393
1855.44168,0.00396
1854.47731,0.00392
1853.51295,0.00387
1852.54858,0.00386
1851.58421,0.00391
1850.61985,0.00400
1849.65548,0.00405
1848.69111,0.00407
1847.72675,0.00411
1846.76238,0.00419
1845.79801,0.00426
1844.83365,0.00429
1843.86928,0.00433
1842.90491,0.00444
1841.94055,0.00455
1840.97618,0.00459
1840.01181,0.00457
1839.04745,0.00455
1838.08308,0.00454
1837.11871,0.00458
1836.15435,0.00462
1835.18998,0.00467
1834.22561,0.00473
1833.26125,0.00483
1832.29688,0.00494
1831.33251,0.00502
1830.36814,0.00510
1829.40378,0.00520
1828.43941,0.00531
1827.47504,0.00542
1826.51068,0.00550
1825.54631,0.00555
1824.58194,0.00560
1823.61758,0.00566
1822.65321,0.00574
1821.68884,0.00582
1820.72448,0.00589
1819.76011,0.00595
1818.79574,0.00603
1817.83138,0.00614
1816.86701,0.00628
1815.90264,0.00645
1814.93828,0.00662
1813.97391,0.00676
1813.00954,0.00686
1812.04518,0.00694
1811.08081,0.00705
1810.11644,0.00719
1809.15208,0.00731
1808.18771,0.00740
1807.22334,0.00749
1806.25898,0.00758
1805.29461,0.00767
1804.33024,0.00778
1803.36588,0.00793
1802.40151,0.00810
1801.43714,0.00825
1800.47277,0.00839
1799.50841,0.00856
1798.54404,0.00875
1797.57967,0.00896
1796.61531,0.00921
1795.65094,0.00947
1794.68657,0.00971
1793.72221,0.00990
1792.75784,0.01006
1791.79347,0.01025
1790.82911,0.01048
1789.86474,0.01073
1788.90037,0.01098
1787.93601,0.01120
1786.97164,0.01143
1786.00727,0.01171
1785.04291,0.01206
1784.07854,0.01245
1783.11417,0.01286
1782.14981,0.01331
1781.18544,0.01379
1780.22107,0.01427
1779.25671,0.01477
1778.29234,0.01531
1777.32797,0.01590
1776.36361,0.01658
1775.39924,0.01737
1774.43487,0.01827
1773.47050,0.01930
1772.50614,0.02052
1771.54177,0.02189
1770.57740,0.02334
1769.61304,0.02493
1768.64867,0.02688
1767.68430,0.02932
1766.71994,0.03219
1765.75557,0.03547
1764.79120,0.03927
1763.82684,0.04384
1762.86247,0.04957
1761.89810,0.05674
1760.93374,0.06510
1759.96937,0.07429
1759.00500,0.08464
1758.04064,0.09688
1757.07627,0.11147
1756.11190,0.12784
1755.14754,0.14493
1754.18317,0.16243
1753.21880,0.18082
1752.25444,0.20091
1751.29007,0.22275
1750.32570,0.24467
1749.36134,0.26496
1748.39697,0.28329
1747.43260,0.29932
1746.46824,0.31232
1745.50387,0.32171
1744.53950,0.32713
1743.57513,0.32851
1742.61077,0.32638
1741.64640,0.32190
1740.68203,0.31630
1739.71767,0.31064
1738.75330,0.30538
1737.78893,0.29926
1736.82457,0.28930
1735.86020,0.27238
1734.89583,0.24729
1733.93147,0.21790
1732.96710,0.19302
1732.00273,0.17775
1731.03837,0.17009
1730.07400,0.16495
1729.10963,0.15756
1728.14527,0.14548
1727.18090,0.12940
1726.21653,0.11221
1725.25217,0.09679
1724.28780,0.08440
1723.32343,0.07492
1722.35907,0.06778
1721.39470,0.06239
1720.43033,0.05812
1719.46597,0.05437
1718.50160,0.05073
1717.53723,0.04723
1716.57286,0.04430
1715.60850,0.04198
1714.64413,0.04004
1713.67976,0.03836
1712.71540,0.03695
1711.75103,0.03577
1710.78666,0.03473
1709.82230,0.03383
1708.85793,0.03308
1707.89356,0.03245
1706.92920,0.03190
1705.96483,0.03140
1705.00046,0.03095
1704.03610,0.03055
1703.07173,0.03014
1702.10736,0.02961
1701.14300,0.02887
1700.17863,0.02800
1699.21426,0.02724
1698.24990,0.02670
1697.28553,0.02620
1696.32116,0.02561
1695.35680,0.02502
1694.39243,0.02459
1693.42806,0.02434
1692.46370,0.02416
1691.49933,0.02400
1690.53496,0.02381
1689.57060,0.02358
1688.60623,0.02332
1687.64186,0.02310
1686.67749,0.02291
1685.71313,0.02275
1684.74876,0.02259
1683.78439,0.02246
1682.82003,0.02243
1681.85566,0.02247
1680.89129,0.02256
1679.92693,0.02265
1678.96256,0.02273
1677.99819,0.02280
1677.03383,0.02285
1676.06946,0.02289
1675.10509,0.02299
1674.14073,0.02315
1673.17636,0.02334
1672.21199,0.02350
1671.24763,0.02362
1670.28326,0.02376
1669.31889,0.02395
1668.35453,0.02419
1667.39016,0.02446
1666.42579,0.02474
1665.46143,0.02506
1664.49706,0.02543
1663.53269,0.02585
1662.56833,0.02632
1661.60396,0.02679
1660.63959,0.02725
1659.67523,0.02769
1658.71086,0.02808
1657.74649,0.02843
1656.78212,0.02872
1655.81776,0.02892
1654.85339,0.02904
1653.88902,0.02907
1652.92466,0.02908
1651.96029,0.02913
1650.99592,0.02925
1650.03156,0.02937
1649.06719,0.02942
1648.10282,0.02934
1647.13846,0.02913
1646.17409,0.02883
1645.20972,0.02850
1644.24536,0.02816
1643.28099,0.02780
1642.31662,0.02741
1641.35226,0.02702
1640.38789,0.02664
1639.42352,0.02631
1638.45916,0.02602
1637.49479,0.02570
1636.53042,0.02533
1635.56606,0.02492
1634.60169,0.02453
1633.63732,0.02424
1632.67296,0.02399
1631.70859,0.02373
1630.74422,0.02343
1629.77985,0.02313
1628.81549,0.02285
1627.85112,0.02259
1626.88675,0.02232
1625.92239,0.02204
1624.95802,0.02174
1623.99365,0.02140
1623.02929,0.02105
1622.06492,0.02072
1621.10055,0.02043
1620.13619,0.02013
1619.17182,0.01981
1618.20745,0.01946
1617.24309,0.01906
1616.27872,0.01866
1615.31435,0.01831
1614.34999,0.01797
1613.38562,0.01762
1612.42125,0.01725
1611.45689,0.01691
1610.49252,0.01660
1609.52815,0.01632
1608.56379,0.01605
1607.59942,0.01578
1606.63505,0.01551
1605.67069,0.01524
1604.70632,0.01499
1603.74195,0.01476
1602.77759,0.01456
1601.81322,0.01438
1600.84885,0.01421
1599.88448,0.01403
1598.92012,0.01383
1597.95575,0.01363
1596.99138,0.01345
1596.02702,0.01330
1595.06265,0.01315
1594.09828,0.01300
1593.13392,0.01288
1592.16955,0.01277
1591.20518,0.01267
1590.24082,0.01255
1589.27645,0.01242
1588.31208,0.01231
1587.34772,0.01222
1586.38335,0.01216
1585.41898,0.01212
1584.45462,0.01208
1583.49025,0.01202
1582.52588,0.01197
1581.56152,0.01192
1580.59715,0.01189
1579.63278,0.01187
1578.66842,0.01182
1577.70405,0.01175
1576.73968,0.01167
1575.77532,0.01163
1574.81095,0.01167
1573.84658,0.01173
1572.88222,0.01178
1571.91785,0.01180
1570.95348,0.01180
1569.98911,0.01178
1569.02475,0.01177
1568.06038,0.01176
1567.09601,0.01178
1566.13165,0.01179
1565.16728,0.01182
1564.20291,0.01184
1563.23855,0.01185
1562.27418,0.01182
1561.30981,0.01174
1560.34545,0.01168
1559.38108,0.01166
1558.41671,0.01170
1557.45235,0.01175
1556.48798,0.01177
1555.52361,0.01176
1554.55925,0.01172
1553.59488,0.01169
1552.63051,0.01169
1551.66615,0.01168
1550.70178,0.01167
1549.73741,0.01167
1548.77305,0.01168
1547.80868,0.01167
1546.84431,0.01161
1545.87995,0.01151
1544.91558,0.01141
1543.95121,0.01135
1542.98684,0.01130
1542.02248,0.01126
1541.05811,0.01122
1540.09374,0.01119
1539.12938,0.01116
1538.16501,0.01114
1537.20064,0.01112
1536.23628,0.01108
1535.27191,0.01103
1534.30754,0.01097
1533.34318,0.01092
1532.37881,0.01089
1531.41444,0.01085
1530.45008,0.01079
1529.48571,0.01071
1528.52134,0.01062
1527.55698,0.01053
1526.59261,0.01046
1525.62824,0.01041
1524.66388,0.01038
1523.69951,0.01035
1522.73514,0.01031
1521.77078,0.01026
1520.80641,0.01024
1519.84204,0.01027
1518.87768,0.01032
1517.91331,0.01035
1516.94894,0.01035
1515.98458,0.01034
1515.02021,0.01032
1514.05584,0.01029
1513.09147,0.01026
1512.12711,0.01027
1511.16274,0.01029
1510.19837,0.01030
1509.23401,0.01028
1508.26964,0.01021
1507.30527,0.01014
1506.34091,0.01013
1505.37654,0.01020
1504.41217,0.01031
1503.44781,0.01040
1502.48344,0.01047
1501.51907,0.01053
1500.55471,0.01059
1499.59034,0.01066
1498.62597,0.01074
1497.66161,0.01082
1496.69724,0.01091
1495.73287,0.01103
1494.76851,0.01118
1493.80414,0.01133
1492.83977,0.01147
1491.87541,0.01160
1490.91104,0.01177
1489.94667,0.01200
1488.98231,0.01229
1488.01794,0.01262
1487.05357,0.01298
1486.08921,0.01339
1485.12484,0.01386
1484.16047,0.01439
1483.19610,0.01501
1482.23174,0.01574
1481.26737,0.01663
1480.30300,0.01768
1479.33864,0.01893
1478.37427,0.02051
1477.40990,0.02272
1476.44554,0.02599
1475.48117,0.03076
1474.51680,0.03751
1473.55244,0.04654
1472.58807,0.05698
1471.62370,0.06673
1470.65934,0.07446
1469.69497,0.08051
1468.73060,0.08565
1467.76624,0.08984
1466.80187,0.09247
1465.83750,0.09324
1464.87314,0.09252
1463.90877,0.09122
1462.94440,0.09010
1461.98004,0.08937
1461.01567,0.08896
1460.05130,0.08878
1459.08694,0.08877
1458.12257,0.08869
1457.15820,0.08816
1456.19383,0.08679
1455.22947,0.08449
1454.26510,0.08138
1453.30073,0.07774
1452.33637,0.07396
1451.37200,0.07049
1450.40763,0.06762
1449.44327,0.06539
1448.47890,0.06362
1447.51453,0.06220
1446.55017,0.06110
1445.58580,0.06025
1444.62143,0.05955
1443.65707,0.05887
1442.69270,0.05816
1441.72833,0.05735
1440.76397,0.05642
1439.79960,0.05536
1438.83523,0.05417
1437.87087,0.05278
1436.90650,0.05113
1435.94213,0.04940
1434.97777,0.04781
1434.01340,0.04634
1433.04903,0.04488
1432.08467,0.04339
1431.12030,0.04187
1430.15593,0.04035
1429.19157,0.03893
1428.22720,0.03774
1427.26283,0.03684
1426.29846,0.03624
1425.33410,0.03597
1424.36973,0.03605
1423.40536,0.03648
1422.44100,0.03724
1421.47663,0.03830
1420.51226,0.03967
1419.54790,0.04127
1418.58353,0.04274
1417.61916,0.04353
1416.65480,0.04340
1415.69043,0.04245
1414.72606,0.04095
1413.76170,0.03919
1412.79733,0.03734
1411.83296,0.03547
1410.86860,0.03370
1409.90423,0.03218
1408.93986,0.03104
1407.97550,0.03037
1407.01113,0.03019
1406.04676,0.03046
1405.08240,0.03109
1404.11803,0.03195
1403.15366,0.03290
1402.18930,0.03387
1401.22493,0.03484
1400.26056,0.03585
1399.29619,0.03691
1398.33183,0.03794
1397.36746,0.03884
1396.40309,0.03964
1395.43873,0.04048
1394.47436,0.04140
1393.50999,0.04231
1392.54563,0.04301
1391.58126,0.04338
1390.61689,0.04337
1389.65253,0.04308
1388.68816,0.04266
1387.72379,0.04235
1386.75943,0.04241
1385.79506,0.04294
1384.83069,0.04391
1383.86633,0.04530
1382.90196,0.04709
1381.93759,0.04926
1380.97323,0.05171
1380.00886,0.05420
1379.04449,0.05624
1378.08013,0.05726
1377.11576,0.05705
1376.15139,0.05586
1375.18703,0.05420
1374.22266,0.05257
1373.25829,0.05133
1372.29393,0.05058
1371.32956,0.05014
1370.36519,0.04981
1369.40082,0.04948
1368.43646,0.04913
1367.47209,0.04881
1366.50772,0.04854
1365.54336,0.04832
1364.57899,0.04812
1363.61462,0.04787
1362.65026,0.04753
1361.68589,0.04713
1360.72152,0.04669
1359.75716,0.04626
1358.79279,0.04589
1357.82842,0.04556
1356.86406,0.04526
1355.89969,0.04502
1354.93532,0.04485
1353.97096,0.04477
1353.00659,0.04479
1352.04222,0.04487
1351.07786,0.04492
1350.11349,0.04490
1349.14912,0.04478
1348.18476,0.04453
1347.22039,0.04415
1346.25602,0.04365
1345.29166,0.04312
1344.32729,0.04264
1343.36292,0.04226
1342.39856,0.04197
1341.43419,0.04175
1340.46982,0.04160
1339.50545,0.04149
1338.54109,0.04130
1337.57672,0.04096
1336.61235,0.04045
1335.64799,0.03988
1334.68362,0.03945
1333.71925,0.03924
1332.75489,0.03922
1331.79052,0.03930
1330.82615,0.03933
1329.86179,0.03922
1328.89742,0.03903
1327.93305,0.03891
1326.96869,0.03896
1326.00432,0.03924
1325.03995,0.03973
1324.07559,0.04038
1323.11122,0.04112
1322.14685,0.04183
1321.18249,0.04238
1320.21812,0.04263
1319.25375,0.04257
1318.28939,0.04237
1317.32502,0.04221
1316.36065,0.04222
1315.39629,0.04236
1314.43192,0.04257
1313.46755,0.04268
1312.50318,0.04262
1311.53882,0.04244
1310.57445,0.04229
1309.61008,0.04228
1308.64572,0.04247
1307.68135,0.04285
1306.71698,0.04337
1305.75262,0.04394
1304.78825,0.04449
1303.82388,0.04498
1302.85952,0.04543
1301.89515,0.04591
1300.93078,0.04638
1299.96642,0.04666
1299.00205,0.04661
1298.03768,0.04625
1297.07332,0.04579
1296.10895,0.04541
1295.14458,0.04521
1294.18022,0.04522
1293.21585,0.04539
1292.25148,0.04572
1291.28712,0.04621
1290.32275,0.04694
1289.35838,0.04803
1288.39402,0.04948
1287.42965,0.05104
1286.46528,0.05235
1285.50092,0.05329
1284.53655,0.05413
1283.57218,0.05524
1282.60781,0.05681
1281.64345,0.05872
1280.67908,0.06049
1279.71471,0.06142
1278.75035,0.06115
1277.78598,0.06009
1276.82161,0.05891
1275.85725,0.05808
1274.89288,0.05770
1273.92851,0.05770
1272.96415,0.05804
1271.99978,0.05876
1271.03541,0.06000
1270.07105,0.06185
1269.10668,0.06430
1268.14231,0.06693
1267.17795,0.06898
1266.21358,0.06987
1265.24921,0.06971
1264.28485,0.06910
1263.32048,0.06852
1262.35611,0.06805
1261.39175,0.06746
1260.42738,0.06671
1259.46301,0.06595
1258.49865,0.06537
1257.53428,0.06502
1256.56991,0.06491
1255.60555,0.06499
1254.64118,0.06526
1253.67681,0.06575
1252.71244,0.06659
1251.74808,0.06792
1250.78371,0.06983
1249.81934,0.07218
1248.85498,0.07461
1247.89061,0.07661
1246.92624,0.07794
1245.96188,0.07876
1244.99751,0.07936
1244.03314,0.07987
1243.06878,0.08016
1242.10441,0.08013
1241.14004,0.07981
1240.17568,0.07935
1239.21131,0.07886
1238.24694,0.07836
1237.28258,0.07783
1236.31821,0.07727
1235.35384,0.07672
1234.38948,0.07617
1233.42511,0.07564
1232.46074,0.07522
1231.49638,0.07493
1230.53201,0.07477
1229.56764,0.07476
1228.60328,0.07488
1227.63891,0.07495
1226.67454,0.07474
1225.71017,0.07426
1224.74581,0.07379
1223.78144,0.07371
1222.81707,0.07416
1221.85271,0.07495
1220.88834,0.07552
1219.92397,0.07532
1218.95961,0.07421
1217.99524,0.07263
1217.03087,0.07113
1216.06651,0.07006
1215.10214,0.06938
1214.13777,0.06893
1213.17341,0.06862
1212.20904,0.06844
1211.24467,0.06838
1210.28031,0.06846
1209.31594,0.06871
1208.35157,0.06914
1207.38721,0.06979
1206.42284,0.07070
1205.45847,0.07187
1204.49411,0.07313
1203.52974,0.07433
1202.56537,0.07551
1201.60101,0.07691
1200.63664,0.07880
1199.67227,0.08131
1198.70791,0.08427
1197.74354,0.08699
1196.77917,0.08857
1195.81480,0.08883
1194.85044,0.08836
1193.88607,0.08782
1192.92170,0.08756
1191.95734,0.08782
1190.99297,0.08871
1190.02860,0.09019
1189.06424,0.09230
1188.09987,0.09510
1187.13550,0.09867
1186.17114,0.10314
1185.20677,0.10869
1184.24240,0.11542
1183.27804,0.12300
1182.31367,0.13062
1181.34930,0.13715
1180.38494,0.14175
1179.42057,0.14428
1178.45620,0.14515
1177.49184,0.14507
1176.52747,0.14470
1175.56310,0.14444
1174.59874,0.14441
1173.63437,0.14463
1172.67000,0.14515
1171.70564,0.14597
1170.74127,0.14699
1169.77690,0.14811
1168.81254,0.14927
1167.84817,0.15047
1166.88380,0.15164
1165.91943,0.15271
1164.95507,0.15366
1163.99070,0.15449
1163.02633,0.15515
1162.06197,0.15562
1161.09760,0.15589
1160.13323,0.15591
1159.16887,0.15558
1158.20450,0.15483
1157.24013,0.15361
1156.27577,0.15199
1155.31140,0.15005
1154.34703,0.14787
1153.38267,0.14557
1152.41830,0.14326
1151.45393,0.14099
1150.48957,0.13879
1149.52520,0.13669
1148.56083,0.13476
1147.59647,0.13304
1146.63210,0.13149
1145.66773,0.12997
1144.70337,0.12841
1143.73900,0.12676
1142.77463,0.12492
1141.81027,0.12277
1140.84590,0.12022
1139.88153,0.11719
1138.91716,0.11371
1137.95280,0.10985
1136.98843,0.10564
1136.02406,0.10119
1135.05970,0.09671
1134.09533,0.09236
1133.13096,0.08823
1132.16660,0.08446
1131.20223,0.08125
1130.23786,0.07873
1129.27350,0.07697
1128.30913,0.07594
1127.34476,0.07560
1126.38040,0.07589
1125.41603,0.07678
1124.45166,0.07811
1123.48730,0.07969
1122.52293,0.08134
1121.55856,0.08298
1120.59420,0.08457
1119.62983,0.08604
1118.66546,0.08726
1117.70110,0.08811
1116.73673,0.08850
1115.77236,0.08840
1114.80800,0.08788
1113.84363,0.08712
1112.87926,0.08628
1111.91490,0.08537
1110.95053,0.08434
1109.98616,0.08325
1109.02179,0.08228
1108.05743,0.08165
1107.09306,0.08154
1106.12869,0.08191
1105.16433,0.08263
1104.19996,0.08362
1103.23559,0.08482
1102.27123,0.08610
1101.30686,0.08727
1100.34249,0.08815
1099.37813,0.08856
1098.41376,0.08848
1097.44939,0.08806
1096.48503,0.08742
1095.52066,0.08659
1094.55629,0.08556
1093.59193,0.08437
1092.62756,0.08304
1091.66319,0.08153
1090.69883,0.07991
1089.73446,0.07834
1088.77009,0.07688
1087.80573,0.07543
1086.84136,0.07392
1085.87699,0.07229
1084.91263,0.07054
1083.94826,0.06876
1082.98389,0.06700
1082.01953,0.06519
1081.05516,0.06334
1080.09079,0.06158
1079.12642,0.05994
1078.16206,0.05841
1077.19769,0.05698
1076.23332,0.05571
1075.26896,0.05464
1074.30459,0.05369
1073.34022,0.05284
1072.37586,0.05212
1071.41149,0.05153
1070.44712,0.05106
1069.48276,0.05069
1068.51839,0.05037
1067.55402,0.05011
1066.58966,0.04991
1065.62529,0.04982
1064.66092,0.04985
1063.69656,0.04996
1062.73219,0.05003
1061.76782,0.04990
1060.80346,0.04956
1059.83909,0.04914
1058.87472,0.04866
1057.91036,0.04813
1056.94599,0.04762
1055.98162,0.04714
1055.01726,0.04664
1054.05289,0.04619
1053.08852,0.04577
1052.12415,0.04534
1051.15979,0.04489
1050.19542,0.04448
1049.23105,0.04410
1048.26669,0.04371
1047.30232,0.04326
1046.33795,0.04272
1045.37359,0.04216
1044.40922,0.04168
1043.44485,0.04137
1042.48049,0.04118
1041.51612,0.04108
1040.55175,0.04110
1039.58739,0.04121
1038.62302,0.04135
1037.65865,0.04144
1036.69429,0.04145
1035.72992,0.04141
1034.76555,0.04136
1033.80119,0.04132
1032.83682,0.04129
1031.87245,0.04128
1030.90809,0.04125
1029.94372,0.04110
1028.97935,0.04084
1028.01499,0.04049
1027.05062,0.04010
1026.08625,0.03973
1025.12189,0.03941
1024.15752,0.03910
1023.19315,0.03879
1022.22878,0.03847
1021.26442,0.03817
1020.30005,0.03785
1019.33568,0.03750
1018.37132,0.03711
1017.40695,0.03667
1016.44258,0.03620
1015.47822,0.03576
1014.51385,0.03539
1013.54948,0.03501
1012.58512,0.03459
1011.62075,0.03416
1010.65638,0.03376
1009.69202,0.03342
1008.72765,0.03316
1007.76328,0.03298
1006.79892,0.03282
1005.83455,0.03260
1004.87018,0.03234
1003.90582,0.03210
1002.94145,0.03190
1001.97708,0.03181
1001.01272,0.03181
1000.04835,0.03179
999.08398,0.03174
998.11962,0.03164
997.15525,0.03148
996.19088,0.03132
995.22651,0.03118
994.26215,0.03105
993.29778,0.03088
992.33341,0.03069
991.36905,0.03046
990.40468,0.03022
989.44031,0.03003
988.47595,0.02995
987.51158,0.02994
986.54721,0.02998
985.58285,0.03004
984.61848,0.03007
983.65411,0.02996
982.68975,0.02973
981.72538,0.02945
980.76101,0.02919
979.79665,0.02899
978.83228,0.02882
977.86791,0.02864
976.90355,0.02849
975.93918,0.02842
974.97481,0.02844
974.01045,0.02851
973.04608,0.02859
972.08171,0.02866
971.11735,0.02875
970.15298,0.02880
969.18861,0.02883
968.22425,0.02887
967.25988,0.02898
966.29551,0.02911
965.33114,0.02915
964.36678,0.02915
963.40241,0.02913
962.43804,0.02909
961.47368,0.02899
960.50931,0.02883
959.54494,0.02859
958.58058,0.02825
957.61621,0.02793
956.65184,0.02771
955.68748,0.02752
954.72311,0.02734
953.75874,0.02715
952.79438,0.02691
951.83001,0.02661
950.86564,0.02626
949.90128,0.02595
948.93691,0.02572
947.97254,0.02554
947.00818,0.02534
946.04381,0.02511
945.07944,0.02485
944.11508,0.02457
943.15071,0.02431
942.18634,0.02404
941.22198,0.02377
940.25761,0.02353
939.29324,0.02331
938.32888,0.02306
937.36451,0.02282
936.40014,0.02261
935.43577,0.02244
934.47141,0.02233
933.50704,0.02229
932.54267,0.02230
931.57831,0.02230
930.61394,0.02228
929.64957,0.02225
928.68521,0.02221
927.72084,0.02220
926.75647,0.02229
925.79211,0.02249
924.82774,0.02272
923.86337,0.02296
922.89901,0.02326
921.93464,0.02365
920.97027,0.02408
920.00591,0.02446
919.04154,0.02482
918.07717,0.02517
917.11281,0.02548
916.14844,0.02567
915.18407,0.02573
914.21971,0.02573
913.25534,0.02570
912.29097,0.02563
911.32661,0.02555
910.36224,0.02545
909.39787,0.02534
908.43350,0.02517
907.46914,0.02499
906.50477,0.02485
905.54040,0.02476
904.57604,0.02468
903.61167,0.02462
902.64730,0.02457
901.68294,0.02459
900.71857,0.02469
899.75420,0.02484
898.78984,0.02510
897.82547,0.02551
896.86110,0.02598
895.89674,0.02635
894.93237,0.02656
893.96800,0.02659
893.00364,0.02648
892.03927,0.02627
891.07490,0.02604
890.11054,0.02584
889.14617,0.02571
888.18180,0.02556
887.21744,0.02533
886.25307,0.02508
885.28870,0.02491
884.32434,0.02486
883.35997,0.02492
882.39560,0.02503
881.43124,0.02511
880.46687,0.02515
879.50250,0.02521
878.53813,0.02534
877.57377,0.02548
876.60940,0.02556
875.64503,0.02559
874.68067,0.02557
873.71630,0.02554
872.75193,0.02557
871.78757,0.02567
870.82320,0.02582
869.85883,0.02596
868.89447,0.02600
867.93010,0.02594
866.96573,0.02586
866.00137,0.02580
865.03700,0.02574
864.07263,0.02563
863.10827,0.02554
862.14390,0.02550
861.17953,0.02545
860.21517,0.02543
859.25080,0.02549
858.28643,0.02560
857.32207,0.02569
856.35770,0.02578
855.39333,0.02590
854.42897,0.02601
853.46460,0.02610
852.50023,0.02623
851.53587,0.02643
850.57150,0.02670
849.60713,0.02696
848.64276,0.02713
847.67840,0.02720
846.71403,0.02720
845.74966,0.02713
844.78530,0.02703
843.82093,0.02692
842.85656,0.02680
841.89220,0.02668
840.92783,0.02654
839.96346,0.02635
838.99910,0.02619
838.03473,0.02615
837.07036,0.02611
836.10600,0.02603
835.14163,0.02596
834.17726,0.02594
833.21290,0.02593
832.24853,0.02589
831.28416,0.02584
830.31980,0.02574
829.35543,0.02562
828.39106,0.02551
827.42670,0.02548
826.46233,0.02546
825.49796,0.02542
824.53360,0.02534
823.56923,0.02527
822.60486,0.02521
821.64049,0.02514
820.67613,0.02507
819.71176,0.02498
818.74739,0.02491
817.78303,0.02488
816.81866,0.02486
815.85429,0.02484
814.88993,0.02483
813.92556,0.02486
812.96119,0.02492
811.99683,0.02500
811.03246,0.02504
810.06809,0.02501
809.10373,0.02499
808.13936,0.02506
807.17499,0.02510
806.21063,0.02508
805.24626,0.02506
804.28189,0.02512
803.31753,0.02520
802.35316,0.02525
801.38879,0.02531
800.42443,0.02539
799.46006,0.02548
798.49569,0.02556
797.53133,0.02569
796.56696,0.02588
795.60259,0.02607
794.63823,0.02623
793.67386,0.02639
792.70949,0.02657
791.74512,0.02678
790.78076,0.02699
789.81639,0.02719
788.85202,0.02740
787.88766,0.02761
786.92329,0.02783
785.95892,0.02810
784.99456,0.02839
784.03019,0.02868
783.06582,0.02904
782.10146,0.02951
781.13709,0.02997
780.17272,0.03032
779.20836,0.03050
778.24399,0.03055
777.27962,0.03064
776.31526,0.03085
775.35089,0.03111
774.38652,0.03132
773.42216,0.03148
772.45779,0.03170
771.49342,0.03201
770.52906,0.03228
769.56469,0.03250
768.60032,0.03270
767.63596,0.03288
766.67159,0.03310
765.70722,0.03338
764.74286,0.03363
763.77849,0.03385
762.81412,0.03410
761.84975,0.03437
760.88539,0.03466
759.92102,0.03496
758.95665,0.03526
757.99229,0.03552
757.02792,0.03573
756.06355,0.03587
755.09919,0.03602
754.13482,0.03631
753.17045,0.03671
752.20609,0.03711
751.24172,0.03751
750.27735,0.03798
749.31299,0.03860
748.34862,0.03934
747.38425,0.04012
746.41989,0.04090
745.45552,0.04167
744.49115,0.04250
743.52679,0.04345
742.56242,0.04451
741.59805,0.04563
740.63369,0.04673
739.66932,0.04781
738.70495,0.04891
737.74059,0.05008
736.77622,0.05132
735.81185,0.05267
734.84748,0.05410
733.88312,0.05556
732.91875,0.05698
731.95438,0.05835
730.99002,0.05972
730.02565,0.06115
729.06128,0.06269
728.09692,0.06436
727.13255,0.06611
726.16818,0.06791
725.20382,0.06977
724.23945,0.07152
723.27508,0.07305
722.31072,0.07425
721.34635,0.07500
720.38198,0.07558
719.41762,0.07659
718.45325,0.07765
717.48888,0.07793
716.52452,0.07672
715.56015,0.07412
714.59578,0.07110
713.63142,0.06853
712.66705,0.06662
711.70268,0.06522
710.73832,0.06412
709.77395,0.06317
708.80958,0.06231
707.84522,0.06153
706.88085,0.06080
705.91648,0.06015
704.95211,0.05958
703.98775,0.05909
703.02338,0.05859
702.05901,0.05809
701.09465,0.05761
700.13028,0.05720
699.16591,0.05686
698.20155,0.05652
697.23718,0.05612
696.27281,0.05576
695.30845,0.05552
694.34408,0.05535
693.37971,0.05511
692.41535,0.05486
691.45098,0.05468
690.48661,0.05453
689.52225,0.05436
688.55788,0.05412
687.59351,0.05382
686.62915,0.05347
685.66478,0.05309
684.70041,0.05277
683.73605,0.05247
682.77168,0.05216
681.80731,0.05178
680.84295,0.05125
679.87858,0.05066
678.91421,0.05011
677.94984,0.04969
676.98548,0.04931
676.02111,0.04885
675.05674,0.04831
674.09238,0.04774
673.12801,0.04728
672.16364,0.04712
671.19928,0.04746
670.23491,0.04772
669.27054,0.04603
668.30618,0.04276
667.34181,0.04316
666.37744,0.04520
665.41308,0.04515
664.44871,0.04408
663.48434,0.04330
662.51998,0.04282
661.55561,0.04245
660.59124,0.04212
659.62688,0.04188
658.66251,0.04173
657.69814,0.04159
656.73378,0.04143
655.76941,0.04128
654.80504,0.04113
653.84068,0.04090
652.87631,0.04061
651.91194,0.04040
650.94758,0.04028
649.98321,0.04015
649.01884,0.03997
648.05447,0.03984
647.09011,0.03965
646.12574,0.03938
645.16137,0.03901
644.19701,0.03862
643.23264,0.03836
642.26827,0.03828
641.30391,0.03821
640.33954,0.03795
639.37517,0.03755
638.41081,0.03725
637.44644,0.03724
636.48207,0.03747
635.51771,0.03769
634.55334,0.03769
633.58897,0.03746
632.62461,0.03715
631.66024,0.03693
630.69587,0.03693
629.73151,0.03722
628.76714,0.03770
627.80277,0.03789
626.83841,0.03778
625.87404,0.03750
624.90967,0.03718
623.94531,0.03699
622.98094,0.03684
622.01657,0.03659
621.05221,0.03610
620.08784,0.03549
619.12347,0.03543
618.15910,0.03604
617.19474,0.03667
616.23037,0.03686
615.26600,0.03679
614.30164,0.03684
613.33727,0.03712
612.37290,0.03744
611.40854,0.03765
610.44417,0.03782
609.47980,0.03809
608.51544,0.03823
607.55107,0.03827
606.58670,0.03852
605.62234,0.03871
604.65797,0.03847
603.69360,0.03818
602.72924,0.03817
601.76487,0.03826
600.80050,0.03817
599.83614,0.03820
